The xmax, ymax, zmax are: 21 28 24
12.085789 8 1 1
11.430472 9 1 1
11.071463 10 1 1
11.020037 11 1 1
11.277166 12 1 1
11.835506 13 1 1
12.678276 14 1 1
11.532346 6 2 1
10.233884 7 2 1
9.205846 8 2 1
8.479155 9 2 1
8.079575 10 2 1
8.021954 11 2 1
8.308688 12 2 1
8.928510 13 2 1
9.859591 14 2 1
11.071502 15 2 1
12.531247 16 2 1
12.482045 4 3 1
10.603381 5 3 1
8.928489 6 3 1
7.497846 7 3 1
6.354538 8 3 1
5.540147 9 3 1
5.089853 10 3 1
5.024749 11 3 1
5.348450 12 3 1
6.044507 13 3 1
7.082746 14 3 1
8.422397 15 3 1
10.020537 16 3 1
11.835434 17 3 1
12.482045 3 4 1
10.286877 4 4 1
8.251527 5 4 1
6.416003 6 4 1
4.828466 7 4 1
3.544416 8 4 1
2.619261 9 4 1
2.103918 10 4 1
2.029165 11 4 1
2.400472 12 4 1
3.193490 13 4 1
4.363886 14 4 1
5.856721 15 4 1
7.615418 16 4 1
9.588868 17 4 1
11.734859 18 4 1
10.603381 3 5 1
8.251527 4 5 1
6.044506 5 5 1
4.026163 6 5 1
2.252955 7 5 1
0.795506 8 5 1
0.397552 13 5 1
1.728162 14 5 1
3.404339 15 5 1
5.348245 16 5 1
7.497880 17 5 1
9.805589 18 5 1
12.234979 19 5 1
11.532346 2 6 1
8.928489 3 6 1
6.416003 4 6 1
4.026163 5 6 1
1.803407 6 6 1
1.110834 15 6 1
3.264106 16 6 1
5.603781 17 6 1
8.079565 18 6 1
10.655748 19 6 1
10.233884 2 7 1
7.497846 3 7 1
4.828466 4 7 1
2.252955 5 7 1
1.421595 16 7 1
3.958166 17 7 1
6.599626 18 7 1
9.315647 19 7 1
12.085924 20 7 1
12.085789 1 8 1
9.205846 2 8 1
6.354538 3 8 1
3.544416 4 8 1
0.795506 5 8 1
0.142828 16 8 1
2.619770 17 8 1
5.412723 18 8 1
8.251605 19 8 1
11.123096 20 8 1
11.430472 1 9 1
8.479155 2 9 1
5.540147 3 9 1
2.619261 4 9 1
1.651511 17 9 1
4.564445 18 9 1
7.498056 19 9 1
10.445540 20 9 1
11.071463 1 10 1
8.079575 2 10 1
5.089853 3 10 1
2.103918 4 10 1
1.111344 17 10 1
4.094262 18 10 1
7.082761 19 10 1
10.074072 20 10 1
11.020037 1 11 1
8.021954 2 11 1
5.024749 3 11 1
2.029165 4 11 1
1.033250 17 11 1
4.026022 18 11 1
7.022943 19 11 1
10.020568 20 11 1
11.277166 1 12 1
8.308688 2 12 1
5.348450 3 12 1
2.400472 4 12 1
1.421499 17 12 1
4.364064 18 12 1
7.320816 19 12 1
10.287046 20 12 1
11.835506 1 13 1
8.928510 2 13 1
6.044507 3 13 1
3.193490 4 13 1
0.397552 5 13 1
2.252539 17 13 1
5.089792 18 13 1
7.964463 19 13 1
10.864324 20 13 1
12.678276 1 14 1
9.859591 2 14 1
7.082746 3 14 1
4.363886 4 14 1
1.728162 5 14 1
0.874791 16 14 1
3.474296 17 14 1
6.168968 18 14 1
8.928696 19 14 1
11.734844 20 14 1
11.506449 1 15 1
9.688125 2 15 1
8.422397 3 15 1
5.856721 4 15 1
3.404339 5 15 1
1.110834 6 15 1
0.397094 15 15 1
2.619721 16 15 1
5.025143 17 15 1
7.556613 18 15 1
9.220280 19 15 1
10.842148 20 15 1
9.557073 1 16 1
7.266302 2 16 1
5.679836 3 16 1
5.451782 4 16 1
5.348245 5 16 1
3.264106 6 16 1
1.421595 7 16 1
0.142828 8 16 1
0.874791 14 16 1
2.619721 15 16 1
4.630493 16 16 1
5.733736 17 16 1
5.423499 18 16 1
6.629702 19 16 1
8.745945 20 16 1
5.453287 2 17 1
3.033137 3 17 1
2.580951 4 17 1
4.502395 5 17 1
5.603781 6 17 1
3.958166 7 17 1
2.619770 8 17 1
1.651511 9 17 1
1.111344 10 17 1
1.033250 11 17 1
1.421499 12 17 1
2.252539 13 17 1
3.474296 14 17 1
5.025143 15 17 1
5.158211 16 17 1
3.132907 17 17 1
2.520658 18 17 1
4.570812 19 17 1
7.309378 20 17 1
4.933588 2 18 1
1.984779 3 18 1
0.293430 4 18 1
2.196325 5 18 1
3.920906 6 18 1
5.400585 7 18 1
5.412723 8 18 1
4.564445 9 18 1
4.094262 10 18 1
4.026022 11 18 1
4.364064 12 18 1
5.089792 13 18 1
5.831081 14 18 1
4.443560 15 18 1
2.795163 16 18 1
0.935333 17 18 1
1.025386 18 18 1
3.942078 19 18 1
5.731315 2 19 1
2.881361 3 19 1
0.090173 4 19 1
0.256379 5 19 1
1.347649 6 19 1
2.685148 7 19 1
3.749161 8 19 1
4.502883 9 19 1
4.917696 10 19 1
4.977694 11 19 1
4.679581 12 19 1
4.036790 13 19 1
3.073094 14 19 1
1.821940 15 19 1
0.338059 16 19 1
1.934837 18 19 1
4.780701 19 19 1
3.907989 3 20 1
1.122957 4 20 1
0.154371 7 20 1
0.883169 8 20 1
1.556724 9 20 1
1.928581 10 20 1
1.981797 11 20 1
1.716610 12 20 1
1.138917 13 20 1
0.292385 14 20 1
0.227580 17 20 1
2.976230 18 20 1
5.773948 19 20 1
5.065038 3 21 1
2.341708 4 21 1
1.440981 17 21 1
4.154225 18 21 1
6.360780 3 22 1
3.707073 4 22 1
1.102591 5 22 1
0.253779 16 22 1
2.832414 17 22 1
5.471447 18 22 1
5.223137 4 23 1
2.712571 5 23 1
0.286126 6 23 1
1.889592 16 23 1
4.378029 17 23 1
4.484429 5 24 1
2.180055 6 24 1
0.052694 7 24 1
1.439234 15 24 1
3.703873 16 24 1
6.077241 17 24 1
6.415556 5 25 1
4.252151 6 25 1
2.253929 7 25 1
0.490113 8 25 1
0.050560 13 25 1
1.634970 14 25 1
3.565234 15 25 1
5.679531 16 25 1
6.477145 6 26 1
4.649980 7 26 1
3.079418 8 26 1
1.870190 9 26 1
1.152152 10 26 1
1.044499 11 26 1
1.569264 12 26 1
2.630916 13 26 1
4.093584 14 26 1
5.844068 15 26 1
5.772915 8 27 1
4.729111 9 27 1
4.126406 10 27 1
4.037752 11 27 1
4.474283 12 27 1
5.381461 13 27 1
6.670050 14 27 1
12.123681 8 1 2
11.468419 9 1 2
11.109443 10 1 2
11.058020 11 1 2
11.315126 12 1 2
11.873418 13 1 2
12.716123 14 1 2
11.570283 6 2 2
10.271948 7 2 2
9.244034 8 2 2
8.517450 9 2 2
8.117937 10 2 2
8.060327 11 2 2
8.347011 12 2 2
8.966738 13 2 2
9.897696 14 2 2
11.109481 15 2 2
12.569105 16 2 2
12.519907 4 3 2
10.641406 5 3 2
8.966717 6 3 2
7.536319 7 3 2
6.393283 8 3 2
5.579157 9 3 2
5.129043 10 3 2
5.063969 11 3 2
5.387531 12 3 2
6.083345 13 3 2
7.121307 14 3 2
8.460702 15 3 2
10.058625 16 3 2
11.873346 17 3 2
12.519907 3 4 2
10.324935 4 4 2
8.289860 5 4 2
6.454732 6 4 2
4.867778 7 4 2
3.584052 8 4 2
2.658509 9 4 2
2.142796 10 4 2
2.067975 11 4 2
2.439573 12 4 2
3.233003 13 4 2
4.403447 14 4 2
5.895619 15 4 2
7.653865 16 4 2
9.627008 17 4 2
11.772779 18 4 2
10.641406 3 5 2
8.289860 4 5 2
6.083344 5 5 2
4.065935 6 5 2
2.291948 7 5 2
0.831287 8 5 2
0.428211 13 5 2
1.766618 14 5 2
3.443934 15 5 2
5.387328 16 5 2
7.536352 17 5 2
9.843701 18 5 2
12.272859 19 5 2
11.570283 2 6 2
8.966717 3 6 2
6.454732 4 6 2
4.065935 5 6 2
1.841973 6 6 2
0.152632 7 6 2
1.148030 15 6 2
3.303646 16 6 2
5.642768 17 6 2
8.117927 18 6 2
10.693767 19 6 2
10.271948 2 7 2
7.536319 3 7 2
4.867778 4 7 2
2.291948 5 7 2
0.152632 6 7 2
1.459569 16 7 2
3.997918 17 7 2
6.638305 18 7 2
9.353822 19 7 2
12.123816 20 7 2
12.123681 1 8 2
9.244034 2 8 2
6.393283 3 8 2
3.584052 4 8 2
0.831287 5 8 2
0.072591 16 8 2
2.659009 17 8 2
5.451778 18 8 2
8.289938 19 8 2
11.161070 20 8 2
11.468419 1 9 2
8.517450 2 9 2
5.579157 3 9 2
2.658509 4 9 2
1.689875 17 9 2
4.603889 18 9 2
7.536527 19 9 2
10.483581 20 9 2
11.109443 1 10 2
8.117937 2 10 2
5.129043 3 10 2
2.142796 4 10 2
1.148522 17 10 2
4.133991 18 10 2
7.121322 19 10 2
10.112153 20 10 2
11.058020 1 11 2
8.060327 2 11 2
5.063969 3 11 2
2.067975 4 11 2
1.070144 17 11 2
4.065795 18 11 2
7.061517 19 11 2
10.058655 20 11 2
11.315126 1 12 2
8.347011 2 12 2
5.387531 3 12 2
2.439573 4 12 2
1.459476 17 12 2
4.403623 18 12 2
7.359325 19 12 2
10.325103 20 12 2
11.873418 1 13 2
8.966738 2 13 2
6.083345 3 13 2
3.233003 4 13 2
0.428211 5 13 2
2.291540 17 13 2
5.128984 18 13 2
8.002844 19 13 2
10.902324 20 13 2
12.716123 1 14 2
9.897696 2 14 2
7.121307 3 14 2
4.403447 4 14 2
1.766618 5 14 2
0.911022 16 14 2
3.513915 17 14 2
6.207768 18 14 2
8.966923 19 14 2
11.772764 20 14 2
11.504766 1 15 2
9.676491 2 15 2
8.460702 3 15 2
5.895619 4 15 2
3.443934 5 15 2
1.148030 6 15 2
0.427786 15 15 2
2.658962 16 15 2
5.064359 17 15 2
7.595074 18 15 2
9.204389 19 15 2
10.837493 20 15 2
9.564933 1 16 2
7.263799 2 16 2
5.660177 3 16 2
5.412212 4 16 2
5.387328 5 16 2
3.303646 6 16 2
1.459569 7 16 2
0.072591 8 16 2
0.911022 14 16 2
2.658962 15 16 2
4.669905 16 16 2
5.689987 17 16 2
5.396685 18 16 2
6.622264 19 16 2
8.750974 20 16 2
5.467273 2 17 2
3.027524 3 17 2
2.537859 4 17 2
4.455040 5 17 2
5.642768 6 17 2
3.997918 7 17 2
2.659009 8 17 2
1.689875 9 17 2
1.148522 10 17 2
1.070144 11 17 2
1.459476 12 17 2
2.291540 13 17 2
3.513915 14 17 2
5.064359 15 17 2
5.110554 16 17 2
3.086685 17 17 2
2.501502 18 17 2
4.580686 19 17 2
7.328564 20 17 2
4.991823 2 18 2
2.051693 3 18 2
0.238070 4 18 2
2.150273 5 18 2
3.873911 6 18 2
5.352831 7 18 2
5.451778 8 18 2
4.603889 9 18 2
4.133991 10 18 2
4.065795 11 18 2
4.403623 12 18 2
5.128984 13 18 2
5.783179 14 18 2
4.396237 15 18 2
2.749294 16 18 2
0.886976 17 18 2
1.095683 18 18 2
4.001918 19 18 2
5.796877 2 19 2
2.948341 3 19 2
0.140288 4 19 2
0.283892 5 19 2
1.300477 6 19 2
2.639413 7 19 2
3.702295 8 19 2
4.455533 9 19 2
4.870139 10 19 2
4.930112 11 19 2
4.632136 12 19 2
3.989721 13 19 2
3.026882 14 19 2
1.775527 15 19 2
0.283536 16 19 2
2.003915 18 19 2
4.845966 19 19 2
3.975726 3 20 2
1.196002 4 20 2
0.159623 7 20 2
0.834525 8 20 2
1.509925 9 20 2
1.882290 10 20 2
1.935556 11 20 2
1.670085 12 20 2
1.091184 13 20 2
0.236783 14 20 2
0.289257 17 20 2
3.045816 18 20 2
5.840937 19 20 2
5.135821 3 21 2
2.415476 4 21 2
0.277791 5 21 2
1.515535 17 21 2
4.224907 18 21 2
6.431213 3 22 2
3.782200 4 22 2
1.182837 5 22 2
0.332929 16 22 2
2.908632 17 22 2
5.544497 18 22 2
5.298770 4 23 2
2.791317 5 23 2
0.371236 6 23 2
1.972381 16 23 2
4.455858 17 23 2
4.567141 5 24 2
2.266695 6 24 2
0.152308 7 24 2
1.529597 15 24 2
3.787770 16 24 2
6.156127 17 24 2
6.498611 5 25 2
4.340992 6 25 2
2.347786 7 25 2
0.594087 8 25 2
0.103623 13 25 2
1.731175 14 25 2
3.657051 15 25 2
5.763906 16 25 2
6.566329 6 26 2
4.744410 7 26 2
3.181553 8 26 2
1.977460 9 26 2
1.264492 10 26 2
1.157926 11 26 2
1.679247 12 26 2
2.734217 13 26 2
4.190775 14 26 2
5.935292 15 26 2
5.873016 8 27 2
4.833004 9 27 2
4.233976 10 27 2
4.145876 11 27 2
4.579959 12 27 2
5.482468 13 27 2
6.766728 14 27 2
12.206695 8 1 3
11.551839 9 1 3
11.193106 10 1 3
11.141717 11 1 3
11.398648 12 1 3
11.956581 13 1 3
11.653636 6 2 3
10.356242 7 2 3
9.328662 8 2 3
8.602275 9 2 3
8.202884 10 2 3
8.145293 11 2 3
8.431886 12 2 3
9.051439 13 2 3
9.982174 14 2 3
11.193144 15 2 3
12.651866 16 2 3
12.602696 4 3 3
10.725410 5 3 3
9.051419 6 3 3
7.621466 7 3 3
6.478926 8 3 3
5.665275 9 3 3
5.215485 10 3 3
5.150464 11 3 3
5.473777 12 3 3
6.169155 13 3 3
7.206616 14 3 3
8.545544 15 3 3
10.143070 16 3 3
11.956510 17 3 3
12.602696 3 4 3
10.409187 4 4 3
8.374754 5 4 3
6.540344 6 4 3
4.954400 7 4 3
3.670337 8 4 3
2.745196 9 4 3
2.229838 10 4 3
2.155086 11 4 3
2.526375 12 4 3
3.319409 13 4 3
4.489819 14 4 3
5.981535 15 4 3
7.738968 16 4 3
9.711548 17 4 3
11.856004 18 4 3
10.725410 3 5 3
8.374754 4 5 3
6.169154 5 5 3
4.152091 6 5 3
2.378853 7 5 3
0.921050 8 5 3
0.177954 9 5 3
0.521487 13 5 3
1.854022 14 5 3
3.530276 15 5 3
5.473578 16 5 3
7.621499 17 5 3
9.928192 18 5 3
12.355787 19 5 3
11.653636 2 6 3
9.051419 3 6 3
6.540344 4 6 3
4.152091 5 6 3
1.929315 6 6 3
0.107260 7 6 3
1.236604 15 6 3
3.390027 16 6 3
5.728844 17 6 3
8.202875 18 6 3
10.777731 19 6 3
10.356242 2 7 3
7.621466 3 7 3
4.954400 4 7 3
2.378853 5 7 3
0.107260 6 7 3
1.547451 16 7 3
4.084086 17 7 3
6.723828 18 7 3
9.438426 19 7 3
12.206828 20 7 3
12.206695 1 8 3
9.328662 2 8 3
6.478926 3 8 3
3.670337 4 8 3
0.921050 5 8 3
0.094516 16 8 3
2.745678 17 8 3
5.537975 18 8 3
8.374831 19 8 3
11.244696 20 8 3
11.551839 1 9 3
8.602275 2 9 3
5.665275 3 9 3
2.745196 4 9 3
0.177954 5 9 3
1.777405 17 9 3
4.690369 18 9 3
7.621671 19 9 3
10.567707 20 9 3
11.193106 1 10 3
8.202884 2 10 3
5.215485 3 10 3
2.229838 4 10 3
1.237059 17 10 3
4.220186 18 10 3
7.206630 19 10 3
10.196579 20 10 3
11.141717 1 11 3
8.145293 2 11 3
5.150464 3 11 3
2.155086 4 11 3
1.158888 17 11 3
4.151955 18 11 3
7.146849 19 11 3
10.143100 20 11 3
11.398648 1 12 3
8.431886 2 12 3
5.473777 3 12 3
2.526375 4 12 3
1.547363 17 12 3
4.489991 18 12 3
7.444539 19 12 3
10.409354 20 12 3
11.956581 1 13 3
9.051439 2 13 3
6.169155 3 13 3
3.319409 4 13 3
0.521487 5 13 3
2.378462 17 13 3
5.215427 18 13 3
8.087826 19 13 3
10.986134 20 13 3
12.798805 1 14 3
9.982174 2 14 3
7.206616 3 14 3
4.489819 4 14 3
1.854022 5 14 3
1.000410 16 14 3
3.600233 17 14 3
6.293510 18 14 3
9.051622 19 14 3
11.855988 20 14 3
11.595172 1 15 3
9.762422 2 15 3
8.545544 3 15 3
5.981535 4 15 3
3.530276 5 15 3
1.236604 6 15 3
0.521140 15 15 3
2.745632 16 15 3
5.150845 17 15 3
7.680200 18 15 3
9.287474 19 15 3
10.927044 20 15 3
9.676788 1 16 3
7.382215 2 16 3
5.775289 3 16 3
5.432494 4 16 3
5.473578 5 16 3
3.390027 6 16 3
1.547451 7 16 3
0.094516 8 16 3
1.000410 14 16 3
2.745632 15 16 3
4.756427 16 16 3
5.672478 17 16 3
5.493745 18 16 3
6.741616 19 16 3
8.865242 20 16 3
5.629325 2 17 3
3.207007 3 17 3
2.513994 4 17 3
4.350776 5 17 3
5.728844 6 17 3
4.084086 7 17 3
2.745678 8 17 3
1.777405 9 17 3
1.237059 10 17 3
1.158888 11 17 3
1.547363 12 17 3
2.378462 13 17 3
3.600233 14 17 3
5.150845 15 17 3
5.005842 16 17 3
2.999765 17 17 3
2.638810 18 17 3
4.758319 19 17 3
7.468917 20 17 3
5.163215 2 18 3
2.201498 3 18 3
0.143436 4 18 3
2.046501 5 18 3
3.770184 6 18 3
5.247976 7 18 3
5.537975 8 18 3
4.690369 9 18 3
4.220186 10 18 3
4.151955 11 18 3
4.489991 12 18 3
5.215427 13 18 3
5.678106 14 18 3
4.292018 15 18 3
2.645746 16 18 3
0.783143 17 18 3
1.243495 18 18 3
4.170111 19 18 3
5.939331 2 19 3
3.098723 3 19 3
0.281612 4 19 3
0.384825 5 19 3
1.196560 6 19 3
2.535662 7 19 3
3.598766 8 19 3
4.351278 9 19 3
4.765576 10 19 3
4.825512 11 19 3
4.527738 12 19 3
3.885889 13 19 3
2.923869 14 19 3
1.671721 15 19 3
0.183954 16 19 3
2.156649 18 19 3
4.990797 19 19 3
4.126863 3 20 3
1.355856 4 20 3
0.249120 7 20 3
0.730547 8 20 3
1.406017 9 20 3
1.778506 10 20 3
1.831767 11 20 3
1.566310 12 20 3
0.987118 13 20 3
0.141297 14 20 3
0.435666 17 20 3
3.201296 18 20 3
5.989425 19 20 3
5.290092 3 21 3
2.576872 4 21 3
0.163736 5 21 3
1.681982 17 21 3
4.382363 18 21 3
6.588573 3 22 3
3.947285 4 22 3
1.351806 5 22 3
0.508237 16 22 3
3.076254 17 22 3
5.703269 18 22 3
5.466994 4 23 3
2.968812 5 23 3
0.557967 6 23 3
0.263358 15 23 3
2.153393 16 23 3
4.627924 17 23 3
4.747780 5 24 3
2.461105 6 24 3
0.313028 7 24 3
0.374472 14 24 3
1.727182 15 24 3
3.973858 16 24 3
6.331585 17 24 3
6.683740 5 25 3
4.536970 6 25 3
2.558135 7 25 3
0.819979 8 25 3
0.317660 13 25 3
1.948211 14 25 3
3.855798 15 25 3
5.952783 16 25 3
6.763946 6 26 3
4.954009 7 26 3
3.406566 8 26 3
2.215419 9 26 3
1.513872 10 26 3
1.409573 11 26 3
1.921729 12 26 3
2.962956 13 26 3
4.404234 14 26 3
6.136499 15 26 3
6.092511 8 27 3
5.063951 9 27 3
4.472071 10 27 3
4.384958 11 27 3
4.814684 12 27 3
5.706133 13 27 3
6.978511 14 27 3
12.335933 8 1 4
11.681329 9 1 4
11.322746 10 1 4
11.271375 11 1 4
11.528200 12 1 4
12.085911 13 1 4
11.783083 6 2 4
10.486269 7 2 4
9.459849 8 2 4
8.733994 9 2 4
8.334803 10 2 4
8.277243 11 2 4
8.563687 12 2 4
9.182954 13 2 4
10.112525 14 2 4
11.322783 15 2 4
10.855258 5 3 4
9.182933 6 3 4
7.753714 7 3 4
6.611980 8 3 4
5.799097 9 3 4
5.349280 10 3 4
5.284219 11 3 4
5.607718 12 3 4
6.302480 13 3 4
7.339127 14 3 4
8.677291 15 3 4
10.273233 16 3 4
12.085841 17 3 4
10.539190 4 4 4
8.506585 5 4 4
6.673349 6 4 4
5.088063 7 4 4
3.805112 8 4 4
2.881418 9 4 4
2.367330 10 4 4
2.292812 11 4 4
2.663051 12 4 4
3.454638 13 4 4
4.623816 14 4 4
6.115034 15 4 4
7.871141 16 4 4
9.842236 17 4 4
11.985371 18 4 4
10.855258 3 5 4
8.506585 4 5 4
6.302480 5 5 4
4.286372 6 5 4
2.515899 7 5 4
1.056700 8 5 4
0.060939 9 5 4
0.653688 13 5 4
1.991797 14 5 4
3.665238 15 5 4
5.607525 16 5 4
7.753746 17 5 4
10.058610 18 5 4
12.484971 19 5 4
11.783083 2 6 4
9.182933 3 6 4
6.673349 4 6 4
4.286372 5 6 4
2.067213 6 6 4
0.077788 7 6 4
1.373350 15 6 4
3.525158 16 6 4
5.862599 17 6 4
8.334794 18 6 4
10.907556 19 6 4
10.486269 2 7 4
7.753714 3 7 4
5.088063 4 7 4
2.515899 5 7 4
0.077788 6 7 4
1.684837 16 7 4
4.218424 17 7 4
6.856687 18 7 4
9.569469 19 7 4
12.336063 20 7 4
12.335933 1 8 4
9.459849 2 8 4
6.611980 3 8 4
3.805112 4 8 4
1.056700 5 8 4
0.160777 16 8 4
2.881874 17 8 4
5.671926 18 8 4
8.506660 19 8 4
11.374313 20 8 4
11.681329 1 9 4
8.733994 2 9 4
5.799097 3 9 4
2.881418 4 9 4
0.060939 5 9 4
1.915129 17 9 4
4.824204 18 9 4
7.753914 19 9 4
10.697632 20 9 4
11.322746 1 10 4
8.334803 2 10 4
5.349280 3 10 4
2.367330 4 10 4
1.373756 17 10 4
4.354401 18 10 4
7.339141 19 10 4
10.326687 20 10 4
11.271375 1 11 4
8.277243 2 11 4
5.284219 3 11 4
2.292812 4 11 4
1.295335 17 11 4
4.286241 18 11 4
7.279399 19 11 4
10.273263 20 11 4
11.528200 1 12 4
8.563687 2 12 4
5.607718 3 12 4
2.663051 4 12 4
1.684757 17 12 4
4.623981 18 12 4
7.576894 19 12 4
10.539353 20 12 4
12.085911 1 13 4
9.182954 2 13 4
6.302480 3 13 4
3.454638 4 13 4
0.653688 5 13 4
2.515532 17 13 4
5.349224 18 13 4
8.219802 19 13 4
11.115865 20 13 4
12.927837 1 14 4
10.112525 2 14 4
7.339127 3 14 4
4.623816 4 14 4
1.991797 5 14 4
1.136396 16 14 4
3.735108 17 14 4
6.426724 18 14 4
9.183132 19 14 4
11.985355 20 14 4
11.731110 1 15 4
9.861423 2 15 4
8.627971 3 15 4
6.115034 4 15 4
3.665238 5 15 4
1.373350 6 15 4
0.653413 15 15 4
2.881831 16 15 4
5.284588 17 15 4
7.812412 18 15 4
9.367893 19 15 4
11.052685 20 15 4
7.513098 2 16 4
5.796241 3 16 4
5.350056 4 16 4
5.607525 5 16 4
3.525158 6 16 4
1.684837 7 16 4
0.160777 8 16 4
1.136396 14 16 4
2.881831 15 16 4
4.890225 16 16 4
5.564651 17 16 4
5.471621 18 16 4
6.849230 19 16 4
9.020023 20 16 4
5.800484 2 17 4
3.278862 3 17 4
2.403670 4 17 4
4.189202 5 17 4
5.862599 6 17 4
4.218424 7 17 4
2.881874 8 17 4
1.915129 9 17 4
1.373756 10 17 4
1.295335 11 17 4
1.684757 12 17 4
2.515532 13 17 4
3.735108 14 17 4
5.284588 15 17 4
4.843736 16 17 4
2.849537 17 17 4
2.663300 18 17 4
4.905460 19 17 4
7.652437 20 17 4
5.360411 2 18 4
2.424077 3 18 4
0.122001 4 18 4
1.886881 5 18 4
3.609271 6 18 4
5.085697 7 18 4
5.671926 8 18 4
4.824204 9 18 4
4.354401 10 18 4
4.286241 11 18 4
4.623981 12 18 4
5.349224 13 18 4
5.515572 14 18 4
4.130499 15 18 4
2.485692 16 18 4
0.627484 17 18 4
1.471492 18 18 4
4.373114 19 18 4
6.162764 2 19 4
3.329424 3 19 4
0.511808 4 19 4
0.549129 5 19 4
1.038319 6 19 4
2.375662 7 19 4
3.438102 8 19 4
4.189721 9 19 4
4.603646 10 19 4
4.663538 11 19 4
4.366005 12 19 4
3.724852 13 19 4
2.763748 14 19 4
1.512540 15 19 4
0.108955 16 19 4
2.387395 18 19 4
5.217892 19 19 4
4.362895 3 20 4
1.598491 4 20 4
0.411816 7 20 4
0.575116 8 20 4
1.247182 9 20 4
1.619200 10 20 4
1.672379 11 20 4
1.407378 12 20 4
0.829487 13 20 4
0.119492 14 20 4
0.681540 17 20 4
3.438158 18 20 4
6.218350 19 20 4
5.529702 3 21 4
2.828416 4 21 4
0.171439 5 21 4
1.933584 17 21 4
4.624947 18 21 4
4.203330 4 22 4
1.621081 5 22 4
0.775652 16 22 4
3.337153 17 22 4
5.952602 18 22 4
5.728329 4 23 4
3.243943 5 23 4
0.846594 6 23 4
0.120164 15 23 4
2.434480 16 23 4
4.892461 17 23 4
5.029648 5 24 4
2.759809 6 24 4
0.631357 7 24 4
0.067908 14 24 4
2.031639 15 24 4
4.259638 16 24 4
6.602007 17 24 4
4.839999 6 25 4
2.881652 7 25 4
1.166780 8 25 4
0.224635 9 25 4
0.667329 13 25 4
2.279851 14 25 4
4.165702 15 25 4
6.242906 16 25 4
5.279375 7 26 4
3.751041 8 26 4
2.582923 9 26 4
1.896052 10 26 4
1.792763 11 26 4
2.293891 12 26 4
3.316974 13 26 4
4.737226 14 26 4
6.448697 15 26 4
6.432603 8 27 4
5.419535 9 27 4
4.838641 10 27 4
4.753218 11 27 4
5.174066 12 27 4
6.052514 13 27 4
12.511618 8 1 5
11.857970 9 1 5
11.499603 10 1 5
11.448259 11 1 5
11.704932 12 1 5
12.261960 13 1 5
11.959593 6 2 5
10.663682 7 2 5
9.638069 8 2 5
8.913221 9 2 5
8.514347 10 2 5
8.456836 11 2 5
8.743045 12 2 5
9.361496 13 2 5
10.290213 14 2 5
11.499640 15 2 5
11.032414 5 3 5
9.361476 6 3 5
7.933775 7 3 5
6.793297 8 3 5
5.980824 9 3 5
5.531285 10 3 5
5.466307 11 3 5
5.789413 12 3 5
6.484216 13 3 5
7.519599 14 3 5
8.856563 15 3 5
10.450802 16 3 5
12.261892 17 3 5
10.716567 4 4 5
8.685990 5 4 5
6.854589 6 4 5
5.270405 7 4 5
3.989701 8 4 5
3.066162 9 4 5
2.551389 10 4 5
2.476748 11 4 5
2.847505 12 4 5
3.639860 13 4 5
4.806839 14 4 5
6.296919 15 4 5
8.051086 16 4 5
10.020141 17 4 5
12.161569 18 4 5
11.032414 3 5 5
8.685990 4 5 5
6.484215 5 5 5
4.469972 6 5 5
2.700154 7 5 5
1.245858 8 5 5
0.186265 9 5 5
0.081327 12 5 5
0.843538 13 5 5
2.176088 14 5 5
3.850182 15 5 5
5.789228 16 5 5
7.933806 17 5 5
10.236342 18 5 5
12.660447 19 5 5
11.959593 2 6 5
9.361476 3 6 5
6.854589 4 6 5
4.469972 5 6 5
2.251333 6 6 5
0.263124 7 6 5
1.560225 15 6 5
3.710432 16 6 5
6.044360 17 6 5
8.514338 18 6 5
11.084678 19 6 5
10.663682 2 7 5
7.933775 3 7 5
5.270405 4 7 5
2.700154 5 7 5
0.263124 6 7 5
1.870218 16 7 5
4.402142 17 7 5
7.037702 18 7 5
9.747601 19 7 5
12.511746 20 7 5
12.511618 1 8 5
9.638069 2 8 5
6.793297 3 8 5
3.989701 4 8 5
1.245858 5 8 5
0.347918 16 8 5
3.066586 17 8 5
5.853569 18 8 5
8.686063 19 8 5
11.551136 20 8 5
11.857970 1 9 5
8.913221 2 9 5
5.980824 3 9 5
3.066162 4 9 5
0.186265 5 9 5
2.099698 17 9 5
5.006907 18 9 5
7.933968 19 9 5
10.874897 20 9 5
11.499603 1 10 5
8.514347 2 10 5
5.531285 3 10 5
2.551389 4 10 5
1.560579 17 10 5
4.537872 18 10 5
7.519612 19 10 5
10.504215 20 10 5
11.448259 1 11 5
8.456836 2 11 5
5.466307 3 11 5
2.476748 4 11 5
1.482598 17 11 5
4.469847 18 11 5
7.459932 19 11 5
10.450831 20 11 5
11.704932 1 12 5
8.743045 2 12 5
5.789413 3 12 5
2.847505 4 12 5
0.081327 5 12 5
1.870147 17 12 5
4.806997 18 12 5
7.757124 19 12 5
10.716726 20 12 5
12.261960 1 13 5
9.361496 2 13 5
6.484216 3 13 5
3.639860 4 13 5
0.843538 5 13 5
0.087274 16 13 5
2.699815 17 13 5
5.531231 18 13 5
8.399437 19 13 5
11.292853 20 13 5
13.102714 1 14 5
10.290213 2 14 5
7.519599 3 14 5
4.806839 4 14 5
2.176088 5 14 5
1.324872 16 14 5
3.919881 17 14 5
6.608288 18 14 5
9.361669 19 14 5
12.161554 20 14 5
11.954018 1 15 5
10.038939 2 15 5
8.715663 3 15 5
6.296919 4 15 5
3.850182 5 15 5
1.560225 6 15 5
0.843328 15 15 5
3.066545 16 15 5
5.466660 17 15 5
7.992417 18 15 5
9.513558 19 15 5
11.266861 20 15 5
7.743050 2 16 5
5.927673 3 16 5
5.321635 4 16 5
5.789228 5 16 5
3.710432 6 16 5
1.870218 7 16 5
0.347918 8 16 5
0.087274 13 16 5
1.324872 14 16 5
3.066545 15 16 5
5.072845 16 16 5
5.481542 17 16 5
5.555611 18 16 5
7.048569 19 16 5
9.277912 20 16 5
6.093386 2 17 5
3.508823 3 17 5
2.343998 4 17 5
3.969780 5 17 5
5.857612 6 17 5
4.402142 7 17 5
3.066586 8 17 5
2.099698 9 17 5
1.560579 10 17 5
1.482598 11 17 5
1.870147 12 17 5
2.699815 13 17 5
3.919881 14 17 5
5.466660 15 17 5
4.623788 16 17 5
2.687345 17 17 5
2.835372 18 17 5
5.182359 19 17 5
5.672262 2 18 5
2.735964 3 18 5
0.145478 4 18 5
1.670658 5 18 5
3.390535 6 18 5
4.865576 7 18 5
5.853569 8 18 5
5.006907 9 18 5
4.537872 10 18 5
4.469847 11 18 5
4.806997 12 18 5
5.531231 13 18 5
5.295131 14 18 5
3.911131 15 18 5
2.268720 16 18 5
0.422097 17 18 5
1.782713 18 18 5
4.686527 19 18 5
6.466145 2 19 5
3.644427 3 19 5
0.841469 4 19 5
0.752934 5 19 5
0.825057 6 19 5
2.158779 7 19 5
3.219635 8 19 5
3.970323 9 19 5
4.383868 10 19 5
4.443720 11 19 5
4.146423 12 19 5
3.505996 13 19 5
2.546663 14 19 5
1.297154 15 19 5
0.231052 16 19 5
0.124226 17 19 5
2.706520 18 19 5
5.523898 19 19 5
4.683537 3 20 5
1.930236 4 20 5
0.610454 7 20 5
0.371145 8 20 5
1.032556 9 20 5
1.403561 10 20 5
1.456586 11 20 5
1.192476 12 20 5
0.617998 13 20 5
0.275867 14 20 5
1.021999 17 20 5
3.762775 18 20 5
6.531754 19 20 5
5.855813 3 21 5
3.167639 4 21 5
0.521209 5 21 5
2.280356 17 21 5
4.956341 18 21 5
4.551250 4 22 5
1.987119 5 22 5
1.150150 16 22 5
3.691085 17 22 5
6.290155 18 22 5
6.084366 4 23 5
3.619000 5 23 5
1.244224 6 23 5
0.473740 15 23 5
2.815558 16 23 5
5.253863 17 23 5
5.412013 5 24 5
3.166667 6 24 5
1.068501 7 24 5
0.415826 14 24 5
2.446445 15 24 5
4.648994 16 24 5
5.252127 6 25 5
3.321892 7 25 5
1.639965 8 25 5
0.315855 9 25 5
0.102433 12 25 5
1.149851 13 25 5
2.730101 14 25 5
4.586359 15 25 5
6.638658 16 25 5
5.719993 7 26 5
4.219400 8 26 5
3.078443 9 26 5
2.412112 10 26 5
2.311449 11 26 5
2.798369 12 26 5
3.794563 13 26 5
5.186075 14 26 5
6.870515 15 26 5
6.892453 8 27 5
5.900626 9 27 5
5.333700 10 27 5
5.250318 11 27 5
5.660087 12 27 5
6.519569 13 27 5
12.081836 9 1 6
11.724210 10 1 6
11.672970 11 1 6
11.929108 12 1 6
12.485402 13 1 6
12.183323 6 2 6
10.889305 7 2 6
9.864846 8 2 6
9.140914 9 2 6
8.742523 10 2 6
8.685086 11 2 6
8.970937 12 2 6
9.588633 13 2 6
10.516230 14 2 6
11.724245 15 2 6
11.257670 5 3 6
9.588614 6 3 6
8.162736 7 3 6
7.023907 8 3 6
6.211961 9 3 6
5.763297 10 3 6
5.698459 11 3 6
6.020897 12 3 6
6.714745 13 3 6
7.749184 14 3 6
9.084324 15 3 6
10.676649 16 3 6
12.485336 17 3 6
10.942138 4 4 6
8.913955 5 4 6
7.085217 6 4 6
5.502993 7 4 6
4.223198 8 4 6
3.301667 9 4 6
2.788413 10 4 6
2.713747 11 4 6
3.083889 12 4 6
3.873418 13 4 6
5.040581 14 4 6
6.527504 15 4 6
8.279875 16 4 6
10.246468 17 4 6
12.385103 18 4 6
11.257670 3 5 6
8.913955 4 5 6
6.714745 5 5 6
4.703677 6 5 6
2.937197 7 5 6
1.481443 8 5 6
0.422342 9 5 6
0.187958 10 5 6
0.165168 12 5 6
1.081692 13 5 6
2.412886 14 5 6
4.083632 15 5 6
6.020722 16 5 6
8.162766 17 5 6
10.462422 18 5 6
12.183323 2 6 6
9.588614 3 6 6
7.085217 4 6 6
4.703677 5 6 6
2.488223 6 6 6
0.503558 7 6 6
0.101339 14 6 6
1.796465 15 6 6
3.943794 16 6 6
6.275383 17 6 6
8.742514 18 6 6
11.309885 19 6 6
10.889305 2 7 6
8.162736 3 7 6
5.502993 4 7 6
2.937197 5 7 6
0.503558 6 7 6
2.106826 16 7 6
4.635812 17 7 6
7.268105 18 7 6
9.974252 19 7 6
9.864846 2 8 6
7.023907 3 8 6
4.223198 4 8 6
1.481443 5 8 6
0.588052 16 8 6
3.302056 17 8 6
6.084925 18 8 6
8.914025 19 8 6
11.775632 20 8 6
12.081836 1 9 6
9.140914 2 9 6
6.211961 3 9 6
3.301667 4 9 6
0.422342 5 9 6
2.336495 17 9 6
5.240113 18 9 6
8.162922 19 9 6
11.100309 20 9 6
11.724210 1 10 6
8.742523 2 10 6
5.763297 3 10 6
2.788413 4 10 6
0.187958 5 10 6
1.796768 17 10 6
4.771594 18 10 6
7.749197 19 10 6
10.730003 20 10 6
11.672970 1 11 6
8.685086 2 11 6
5.698459 3 11 6
2.713747 4 11 6
1.718625 17 11 6
4.703560 18 11 6
7.689611 19 11 6
10.676676 20 11 6
11.929108 1 12 6
8.970937 2 12 6
6.020897 3 12 6
3.083889 4 12 6
0.165168 5 12 6
2.106764 17 12 6
5.040729 18 12 6
7.986343 19 12 6
10.942292 20 12 6
12.485402 1 13 6
9.588633 2 13 6
6.714745 3 13 6
3.873418 4 13 6
1.081692 5 13 6
0.168135 16 13 6
2.936890 17 13 6
5.763246 18 13 6
8.627754 19 13 6
11.517865 20 13 6
13.325417 1 14 6
10.516230 2 14 6
7.749184 3 14 6
5.040581 4 14 6
2.412886 5 14 6
0.101339 6 14 6
1.560657 16 14 6
4.153367 17 14 6
6.838852 18 14 6
9.588800 19 14 6
12.385089 20 14 6
10.247950 2 15 6
8.837431 3 15 6
6.527504 4 15 6
4.083632 5 15 6
1.796465 6 15 6
1.081530 15 15 6
3.302019 16 15 6
5.698794 17 15 6
8.221295 18 15 6
9.697785 19 15 6
11.530562 20 15 6
8.009279 2 16 6
6.101498 3 16 6
5.320526 4 16 6
6.020722 5 16 6
3.943794 6 16 6
2.106826 7 16 6
0.588052 8 16 6
0.168135 13 16 6
1.560657 14 16 6
3.302019 15 16 6
5.305902 16 16 6
5.416140 17 16 6
5.679335 18 16 6
7.292128 19 16 6
9.596635 20 16 6
6.424690 2 17 6
3.788979 3 17 6
2.331541 4 17 6
3.691910 5 17 6
5.575799 6 17 6
4.635812 7 17 6
3.302056 8 17 6
2.336495 9 17 6
1.796768 10 17 6
1.718625 11 17 6
2.106764 12 17 6
2.936890 13 17 6
4.153367 14 17 6
5.698794 15 17 6
4.345533 16 17 6
2.532352 17 17 6
3.063158 18 17 6
5.504836 19 17 6
6.032172 2 18 6
3.079684 3 18 6
0.302101 4 18 6
1.396881 5 18 6
3.113229 6 18 6
4.586037 7 18 6
5.766880 8 18 6
5.240113 9 18 6
4.771594 10 18 6
4.703560 11 18 6
5.040729 12 18 6
5.763246 13 18 6
5.013693 14 18 6
3.633301 15 18 6
1.994125 16 18 6
0.182945 17 18 6
2.123917 18 18 6
5.042946 19 18 6
4.044448 3 19 6
1.255950 4 19 6
0.556464 6 19 6
1.884264 7 19 6
2.942571 8 19 6
3.692488 9 19 6
4.105732 10 19 6
4.165558 11 19 6
3.868432 12 19 6
3.228611 13 19 6
2.272026 14 19 6
1.024500 15 19 6
0.480594 16 19 6
0.339009 17 19 6
3.110523 18 19 6
5.914135 19 19 6
5.090326 3 20 6
2.355842 4 20 6
0.138808 8 20 6
0.761081 9 20 6
1.130557 10 20 6
1.183358 11 20 6
0.920627 12 20 6
0.354828 13 20 6
0.530201 14 20 6
1.450145 17 20 6
4.174763 18 20 6
6.270654 3 21 6
3.601684 4 21 6
0.974512 5 21 6
0.121613 16 21 6
2.720386 17 21 6
5.376876 18 21 6
4.994331 4 22 6
2.453101 5 22 6
0.077560 6 22 6
1.620686 16 22 6
4.141100 17 22 6
6.534956 4 23 6
4.095683 5 23 6
1.746413 6 23 6
0.993018 15 23 6
3.300456 16 23 6
5.713358 17 23 6
5.896389 5 24 6
3.681298 6 24 6
1.620056 7 24 6
0.226744 8 24 6
0.980230 14 24 6
2.973813 15 24 6
5.143923 16 24 6
5.773559 6 25 6
3.879695 7 25 6
2.237315 8 25 6
0.955179 9 25 6
0.198210 10 25 6
0.083399 11 25 6
0.631781 12 25 6
1.763368 13 25 6
3.300902 14 25 6
5.119368 15 25 6
6.275466 7 26 6
4.810459 8 26 6
3.702618 9 26 6
3.057034 10 26 6
2.962432 11 26 6
3.430170 12 26 6
4.396235 13 26 6
5.753612 14 26 6
6.504040 9 27 6
5.954191 10 27 6
5.873560 11 27 6
6.271370 12 27 6
7.107520 13 27 6
12.354932 9 1 7
11.997813 10 1 7
11.946641 11 1 7
12.202417 12 1 7
12.456278 6 2 7
11.164319 7 2 7
10.141496 8 2 7
9.418466 9 2 7
9.020789 10 2 7
8.963462 11 2 7
9.248785 12 2 7
9.865789 13 2 7
10.791804 14 2 7
11.997847 15 2 7
11.532162 5 3 7
9.865771 6 3 7
8.442159 7 3 7
7.304593 8 3 7
6.494724 9 3 7
6.046803 10 3 7
5.981980 11 3 7
6.304210 12 3 7
6.996172 13 3 7
8.029522 14 3 7
9.361975 15 3 7
10.951981 16 3 7
11.217079 4 4 7
9.191908 5 4 7
7.365767 6 4 7
5.786552 7 4 7
4.509690 8 4 7
3.588501 9 4 7
3.076245 10 4 7
3.002045 11 4 7
3.370754 12 4 7
4.160028 13 4 7
5.324221 14 4 7
6.809402 15 4 7
8.559045 16 4 7
10.522480 17 4 7
11.532162 3 5 7
9.191908 4 5 7
6.996171 5 5 7
4.988369 6 5 7
3.224136 7 5 7
1.771584 8 5 7
0.711942 9 5 7
0.120006 10 5 7
0.058173 11 5 7
0.455548 12 5 7
1.371969 13 5 7
2.702281 14 5 7
4.370196 15 5 7
6.304045 16 5 7
8.442188 17 5 7
10.738084 18 5 7
12.456278 2 6 7
9.865771 3 6 7
7.365767 4 6 7
4.988369 5 6 7
2.777616 6 6 7
0.794392 7 6 7
0.200053 14 6 7
2.086353 15 6 7
4.230381 16 6 7
6.557967 17 6 7
9.020781 18 6 7
11.584306 19 6 7
11.164319 2 7 7
8.442159 3 7 7
5.786552 4 7 7
3.224136 5 7 7
0.794392 6 7 7
0.050894 15 7 7
2.396473 16 7 7
4.920740 17 7 7
7.548522 18 7 7
10.250720 19 7 7
10.141496 2 8 7
7.304593 3 8 7
4.509690 4 8 7
1.771584 5 8 7
0.878639 16 8 7
3.588853 17 8 7
6.368041 18 8 7
9.191975 19 8 7
12.049158 20 8 7
12.354932 1 9 7
9.418466 2 9 7
6.494724 3 9 7
3.588501 4 9 7
0.711942 5 9 7
2.625987 17 9 7
5.523703 18 9 7
8.442336 19 9 7
11.375023 20 9 7
11.997813 1 10 7
9.020789 2 10 7
6.046803 3 10 7
3.076245 4 10 7
0.120006 5 10 7
2.086609 17 10 7
5.056039 18 10 7
8.029535 19 10 7
11.005253 20 10 7
11.946641 1 11 7
8.963462 2 11 7
5.981980 3 11 7
3.002045 4 11 7
0.058173 5 11 7
2.008501 17 11 7
4.988261 18 11 7
7.969975 19 11 7
10.952007 20 11 7
12.202417 1 12 7
9.248785 2 12 7
6.304210 3 12 7
3.370754 4 12 7
0.455548 5 12 7
2.396419 17 12 7
5.324359 18 12 7
8.266144 19 12 7
11.217226 20 12 7
9.865789 2 13 7
6.996172 3 13 7
4.160028 4 13 7
1.371969 5 13 7
0.456614 16 13 7
3.223860 17 13 7
6.046755 18 13 7
8.906231 19 13 7
11.791815 20 13 7
10.791804 2 14 7
8.029522 3 14 7
5.324221 4 14 7
2.702281 5 14 7
0.200053 6 14 7
1.850731 16 14 7
4.439907 17 14 7
7.119975 18 14 7
9.865949 19 14 7
12.657773 20 14 7
10.511818 2 15 7
9.009091 3 15 7
6.809402 4 15 7
4.370196 5 15 7
2.086353 6 15 7
0.050894 7 15 7
1.371843 15 15 7
3.588819 16 15 7
5.982293 17 15 7
8.500594 18 15 7
9.950568 19 15 7
11.809630 20 15 7
8.346193 2 16 7
6.351304 3 16 7
5.327918 4 16 7
5.817962 5 16 7
4.230381 6 16 7
2.396473 7 16 7
0.878639 8 16 7
0.456614 13 16 7
1.850731 14 16 7
3.588819 15 16 7
5.589499 16 16 7
5.329409 17 16 7
5.861309 18 16 7
7.627216 19 16 7
6.842482 2 17 7
4.185022 3 17 7
2.358403 4 17 7
3.301633 5 17 7
5.234178 6 17 7
4.920740 7 17 7
3.588853 8 17 7
2.625987 9 17 7
2.086609 10 17 7
2.008501 11 17 7
2.396419 12 17 7
3.223860 13 17 7
4.439907 14 17 7
5.808600 15 17 7
4.005011 16 17 7
2.361768 17 17 7
3.395629 18 17 7
5.944328 19 17 7
6.479211 2 18 7
3.554502 3 18 7
0.795483 4 18 7
1.064598 5 18 7
2.776645 6 18 7
4.245342 7 18 7
5.424349 8 18 7
5.523703 9 18 7
5.056039 10 18 7
4.988261 11 18 7
5.324359 12 18 7
5.743514 13 18 7
4.672831 14 18 7
3.296497 15 18 7
1.661369 16 18 7
0.174018 17 18 7
2.585448 18 18 7
5.522288 19 18 7
4.531566 3 19 7
1.760604 4 19 7
0.237721 6 19 7
1.551507 7 19 7
2.606128 8 19 7
3.355730 9 19 7
3.766656 10 19 7
3.826112 11 19 7
3.531001 12 19 7
2.892045 13 19 7
1.936994 14 19 7
0.693444 15 19 7
0.849803 17 19 7
3.604371 18 19 7
6.389437 19 19 7
5.586611 3 20 7
2.873250 4 20 7
0.203074 5 20 7
0.262000 8 20 7
0.431873 9 20 7
0.799102 10 20 7
0.851598 11 20 7
0.591083 12 20 7
0.106656 13 20 7
1.975935 17 20 7
4.677570 18 20 7
4.129034 4 21 7
1.529227 5 21 7
0.677032 16 21 7
3.256178 17 21 7
5.889197 18 21 7
5.532489 4 22 7
3.021274 5 22 7
0.589800 6 22 7
0.221919 15 22 7
2.202077 16 22 7
4.688094 17 22 7
4.674848 5 23 7
2.362582 6 23 7
0.197852 7 23 7
1.619041 15 23 7
3.892277 16 23 7
6.272565 17 23 7
6.485072 5 24 7
4.307792 6 24 7
2.292120 7 24 7
0.510394 8 24 7
0.107072 13 24 7
1.665874 14 24 7
3.614374 15 24 7
5.744455 16 24 7
6.405960 6 25 7
4.554804 7 25 7
2.959176 8 25 7
1.725699 9 25 7
0.987852 10 25 7
0.877490 11 25 7
1.416036 12 25 7
2.500728 13 25 7
3.989418 14 25 7
5.765001 15 25 7
6.947459 7 26 7
5.522951 8 26 7
4.452091 9 26 7
3.833046 10 26 7
3.741906 11 26 7
4.191059 12 26 7
5.121518 13 26 7
6.439194 14 26 7
6.698070 10 27 7
6.620742 11 27 7
7.004592 12 27 7
12.322342 10 1 8
12.271264 11 1 8
12.526544 12 1 8
11.490354 7 2 8
10.469701 8 2 8
9.747796 9 2 8
9.351144 10 2 8
9.293973 11 2 8
9.578541 12 2 8
10.194140 13 2 8
11.118622 14 2 8
12.322375 15 2 8
11.857466 5 3 8
10.194122 6 3 8
8.773628 7 3 8
7.638561 8 3 8
6.829698 9 3 8
6.382799 10 3 8
6.318241 11 3 8
6.639337 12 3 8
7.330735 13 3 8
8.361249 14 3 8
9.691448 15 3 8
11.278459 16 3 8
11.543009 4 4 8
9.521814 5 4 8
7.699530 6 4 8
6.123635 7 4 8
4.848572 8 4 8
3.929810 9 4 8
3.418502 10 4 8
3.344459 11 4 8
3.712410 12 4 8
4.500427 13 4 8
5.662052 14 4 8
7.144108 15 4 8
8.890434 16 4 8
10.849905 17 4 8
11.857466 3 5 8
9.521814 4 5 8
7.330734 5 5 8
5.326570 6 5 8
3.566067 7 5 8
2.117154 8 5 8
1.058012 9 5 8
0.468011 10 5 8
0.380791 11 5 8
0.804360 12 5 8
1.717927 13 5 8
3.045227 14 5 8
4.709870 15 5 8
6.639183 16 5 8
8.773655 17 5 8
11.065023 18 5 8
10.194122 3 6 8
7.699530 4 6 8
5.326570 5 6 8
3.120450 6 6 8
1.140520 7 6 8
0.551194 14 6 8
2.430885 15 6 8
4.570685 16 6 8
6.892887 17 6 8
9.351136 18 6 8
11.909511 19 6 8
11.490354 2 7 8
8.773628 3 7 8
6.123635 4 7 8
3.566067 5 7 8
1.140520 6 7 8
0.379770 15 7 8
2.740157 16 7 8
5.259008 17 7 8
7.881687 18 7 8
10.578780 19 7 8
10.469701 2 8 8
7.638561 3 8 8
4.848572 4 8 8
2.117154 5 8 8
1.224173 16 8 8
3.930125 17 8 8
6.703105 18 8 8
9.521877 19 8 8
12.373582 20 8 8
9.747796 2 9 8
6.829698 3 9 8
3.929810 4 9 8
1.058012 5 9 8
0.116936 16 9 8
2.969140 17 9 8
5.861308 18 9 8
8.773795 19 9 8
11.700637 20 9 8
12.322342 1 10 8
9.351144 2 10 8
6.382799 3 10 8
3.418502 4 10 8
0.468011 5 10 8
2.431101 17 10 8
5.394154 18 10 8
8.361261 19 10 8
11.331617 20 10 8
12.271264 1 11 8
9.293973 2 11 8
6.318241 3 11 8
3.344459 4 11 8
0.380791 5 11 8
2.353208 17 11 8
5.326470 18 11 8
8.301848 19 11 8
11.278484 20 11 8
12.526544 1 12 8
9.578541 2 12 8
6.639337 3 12 8
3.712410 4 12 8
0.804360 5 12 8
0.161279 16 12 8
2.740110 17 12 8
5.662180 18 12 8
8.597719 19 12 8
11.543151 20 12 8
10.194140 2 13 8
7.330735 3 13 8
4.500427 4 13 8
1.717927 5 13 8
0.804952 16 13 8
3.565823 17 13 8
6.382755 18 13 8
9.236888 19 13 8
12.116760 20 13 8
11.118622 2 14 8
8.361249 3 14 8
5.662052 4 14 8
3.045227 5 14 8
0.551194 6 14 8
2.196019 16 14 8
4.779191 17 14 8
7.454441 18 14 8
10.194292 19 14 8
12.981048 20 14 8
10.850938 2 15 8
9.226417 3 15 8
7.144108 4 15 8
4.709870 5 15 8
2.430885 6 15 8
0.379770 7 15 8
1.717829 15 15 8
3.930095 16 15 8
6.318532 17 15 8
8.832027 18 15 8
10.248891 19 15 8
8.768547 2 16 8
6.655768 3 16 8
5.424920 4 16 8
5.584609 5 16 8
4.570685 6 16 8
2.740157 7 16 8
1.224173 8 16 8
0.116936 9 16 8
0.161279 12 16 8
0.804952 13 16 8
2.196019 14 16 8
3.930095 15 16 8
5.927055 16 16 8
5.333207 17 16 8
6.110872 18 16 8
8.013254 19 16 8
7.350645 2 17 8
4.633761 3 17 8
2.569483 4 17 8
2.876071 5 17 8
4.829024 6 17 8
5.259008 7 17 8
3.930125 8 17 8
2.969140 9 17 8
2.431101 10 17 8
2.353208 11 17 8
2.740110 12 17 8
3.565823 13 17 8
4.779191 14 17 8
5.403265 15 17 8
3.555863 16 17 8
2.350962 17 17 8
3.809887 18 17 8
6.433097 19 17 8
4.079734 3 18 8
1.317100 4 18 8
0.673805 5 18 8
2.380475 6 18 8
3.844710 7 18 8
5.019286 8 18 8
5.858075 9 18 8
5.394154 10 18 8
5.326470 11 18 8
5.662180 12 18 8
5.338493 13 18 8
4.270065 14 18 8
2.896837 15 18 8
1.266671 16 18 8
0.452969 17 18 8
3.112511 18 18 8
6.046257 19 18 8
5.107494 3 19 8
2.363739 4 19 8
0.191948 6 19 8
1.159071 7 19 8
2.209888 8 19 8
2.955676 9 19 8
3.365865 10 19 8
3.425355 11 19 8
3.130150 12 19 8
2.496075 13 19 8
1.540862 14 19 8
0.304237 15 19 8
1.454309 17 19 8
4.190123 18 19 8
6.173048 3 20 8
3.485843 4 20 8
0.837446 5 20 8
0.640523 8 20 8
0.061615 9 20 8
0.409253 10 20 8
0.461143 11 20 8
0.208551 12 20 8
0.391942 13 20 8
0.117081 16 20 8
2.597290 17 20 8
5.274272 18 20 8
4.755255 4 21 8
2.185231 5 21 8
0.321573 6 21 8
1.344848 16 21 8
3.892074 17 21 8
6.496638 18 21 8
6.171122 4 22 8
3.693470 5 22 8
1.303354 6 22 8
0.529966 15 22 8
2.886579 16 22 8
5.337091 17 22 8
5.360708 5 23 8
3.092425 6 23 8
0.966356 7 23 8
0.302002 14 23 8
2.366569 15 23 8
4.591945 16 23 8
5.046891 6 24 8
3.084077 7 24 8
1.359847 8 24 8
0.088348 9 24 8
0.365385 12 24 8
0.859060 13 24 8
2.477317 14 24 8
4.370726 15 24 8
6.453909 16 24 8
5.348153 7 25 8
3.806840 8 25 8
2.624608 9 25 8
1.929516 10 25 8
1.824831 11 25 8
2.333669 12 25 8
3.366864 13 25 8
4.801569 14 25 8
6.525405 15 25 8
6.356059 8 26 8
5.327048 9 26 8
4.735840 10 26 8
4.648407 11 26 8
5.077503 12 26 8
5.969478 13 26 8
11.869569 7 2 9
10.850984 8 2 9
10.131423 9 2 9
9.735369 10 2 9
9.678271 11 2 9
9.962485 12 2 9
10.576289 13 2 9
11.498907 14 2 9
12.235679 5 3 9
10.576272 6 3 9
9.159140 7 3 9
8.026655 8 3 9
7.220244 9 3 9
6.774188 10 3 9
6.709762 11 3 9
7.030219 12 3 9
7.719843 13 3 9
8.748253 14 3 9
10.075261 15 3 9
11.658279 16 3 9
11.922080 4 4 9
9.905830 5 4 9
8.087529 6 4 9
6.515558 7 4 9
5.243985 8 4 9
4.327653 9 4 9
3.817914 10 4 9
3.743699 11 4 9
4.110982 12 4 9
4.896498 13 4 9
6.055482 14 4 9
7.534088 15 4 9
9.275504 16 4 9
11.230690 17 4 9
12.235679 3 5 9
9.905830 4 5 9
7.719843 5 5 9
5.720763 6 5 9
3.965189 7 5 9
2.519909 8 5 9
1.464901 9 5 9
0.866744 10 5 9
0.780209 11 5 9
1.209881 12 5 9
2.119994 13 5 9
3.444645 14 5 9
5.105697 15 5 9
7.030077 16 5 9
9.159165 17 5 9
11.445473 18 5 9
10.576272 3 6 9
8.087529 4 6 9
5.720763 5 6 9
3.519601 6 6 9
1.547913 7 6 9
0.122582 8 6 9
0.952745 14 6 9
2.833335 15 6 9
4.966565 16 6 9
7.283319 17 6 9
9.735361 18 6 9
12.287587 19 6 9
11.869569 2 7 9
9.159140 3 7 9
6.515558 4 7 9
3.965189 5 7 9
1.547913 6 7 9
0.779723 15 7 9
3.140977 16 7 9
5.653353 17 7 9
8.269400 18 7 9
10.959849 19 7 9
10.850984 2 8 9
8.026655 3 8 9
5.243985 4 8 9
2.519909 5 8 9
0.122582 6 8 9
1.630554 16 8 9
4.327933 17 8 9
7.093862 18 8 9
9.905890 19 8 9
10.131423 2 9 9
7.220244 3 9 9
4.327653 4 9 9
1.464901 5 9 9
0.519995 16 9 9
3.368920 17 9 9
6.254295 18 9 9
9.159297 19 9 9
12.079273 20 9 9
9.735369 2 10 9
6.774188 3 10 9
3.817914 4 10 9
0.866744 5 10 9
0.118400 16 10 9
2.833516 17 10 9
5.788179 18 10 9
8.748264 19 10 9
11.711281 20 10 9
9.678271 2 11 9
6.709762 3 11 9
3.743699 4 11 9
0.780209 5 11 9
2.756056 17 11 9
5.720672 18 11 9
8.688933 19 11 9
11.658303 20 11 9
9.962485 2 12 9
7.030219 3 12 9
4.110982 4 12 9
1.209881 5 12 9
0.255188 16 12 9
3.140938 17 12 9
6.055598 18 12 9
8.983901 19 12 9
11.922214 20 12 9
10.576289 2 13 9
7.719843 3 13 9
4.896498 4 13 9
2.119994 5 13 9
1.210265 16 13 9
3.964974 17 13 9
6.774147 18 13 9
9.621247 19 13 9
11.498907 2 14 9
8.748253 3 14 9
6.055482 4 14 9
3.444645 5 14 9
0.952745 6 14 9
0.168659 15 14 9
2.599032 16 14 9
5.174822 17 14 9
7.842990 18 14 9
10.576432 19 14 9
11.260513 2 15 9
9.545825 3 15 9
7.534088 4 15 9
5.105697 5 15 9
2.833335 6 15 9
0.779723 7 15 9
0.168659 14 15 9
2.119916 15 15 9
4.327906 16 15 9
6.710031 17 15 9
9.100013 18 15 9
10.625771 19 15 9
9.269109 2 16 9
7.088019 3 16 9
5.587785 4 16 9
5.393379 5 16 9
4.966565 6 16 9
3.140977 7 16 9
1.630554 8 16 9
0.519995 9 16 9
0.118400 10 16 9
0.255188 12 16 9
1.210265 13 16 9
2.599032 14 16 9
4.327906 15 16 9
5.648500 16 16 9
5.371390 17 16 9
6.478145 18 16 9
8.486711 19 16 9
5.230416 3 17 9
2.894730 4 17 9
2.496257 5 17 9
4.360751 6 17 9
5.653353 7 17 9
4.327933 8 17 9
3.368920 9 17 9
2.833516 10 17 9
2.756056 11 17 9
3.140938 12 17 9
3.964974 13 17 9
5.174822 14 17 9
4.932484 15 17 9
3.008043 16 17 9
2.451112 17 17 9
4.372927 18 17 9
7.010100 19 17 9
4.740727 3 18 9
1.880315 4 18 9
0.238324 5 18 9
1.919544 6 18 9
3.378708 7 18 9
4.549996 8 18 9
5.386492 9 18 9
5.788179 10 18 9
5.720672 11 18 9
5.583540 12 18 9
4.867588 13 18 9
3.803858 14 18 9
2.434940 15 18 9
0.808151 16 18 9
1.066767 17 18 9
3.778705 18 18 9
5.779046 3 19 9
3.061517 4 19 9
0.382498 5 19 9
0.626868 6 19 9
0.700339 7 19 9
1.751287 8 19 9
2.494038 9 19 9
2.903726 10 19 9
2.962687 11 19 9
2.668782 12 19 9
2.034059 13 19 9
1.084030 14 19 9
0.166473 15 19 9
2.163088 17 19 9
4.869319 18 19 9
4.198107 4 20 9
1.587545 5 20 9
0.416796 9 20 9
0.090111 10 20 9
0.076837 11 20 9
0.269751 12 20 9
0.726741 16 20 9
3.322568 17 20 9
5.965831 18 20 9
5.481610 4 21 9
2.951952 5 21 9
0.496294 6 21 9
0.308839 15 21 9
2.122269 16 21 9
4.631039 17 21 9
4.474310 5 22 9
2.130439 6 22 9
0.111162 7 22 9
1.377665 15 22 9
3.682174 16 22 9
6.090053 17 22 9
6.154929 5 23 9
3.937628 6 23 9
1.875172 7 23 9
0.053186 8 23 9
1.232581 14 23 9
3.230328 15 23 9
5.401649 16 23 9
5.901856 6 24 9
3.997924 7 24 9
2.343544 8 24 9
1.048535 9 24 9
0.277988 10 24 9
0.155274 11 24 9
0.724628 12 24 9
1.864228 13 24 9
3.413595 14 24 9
5.244790 15 24 9
6.260198 7 25 9
4.778159 8 25 9
3.654108 9 25 9
2.997272 10 25 9
2.899577 11 25 9
3.377723 12 25 9
4.358040 13 25 9
5.732787 14 25 9
6.324484 9 26 9
5.761879 10 26 9
5.679196 11 26 9
6.085688 12 26 9
6.938581 13 26 9
12.304544 7 2 10
11.288902 8 2 10
10.570849 9 2 10
10.176453 10 2 10
10.119608 11 2 10
10.402534 12 2 10
11.014834 13 2 10
11.934507 14 2 10
11.014819 6 3 10
9.601626 7 3 10
8.472542 8 3 10
7.668567 9 3 10
7.223912 10 3 10
7.159702 11 3 10
7.479110 12 3 10
8.166589 13 3 10
9.191838 14 3 10
10.514816 15 3 10
12.093610 16 3 10
12.356973 4 4 10
10.346137 5 4 10
8.533256 6 4 10
6.966164 7 4 10
5.698391 8 4 10
4.785636 9 4 10
4.276084 10 4 10
4.202317 11 4 10
4.568895 12 4 10
5.351621 13 4 10
6.507200 14 4 10
7.981369 15 4 10
9.717715 16 4 10
11.667099 17 4 10
10.346137 4 5 10
8.166588 5 5 10
6.173745 6 5 10
4.423061 7 5 10
2.982768 8 5 10
1.930415 9 5 10
1.335023 10 5 10
1.248433 11 5 10
1.677958 12 5 10
2.584960 13 5 10
3.905164 14 5 10
5.560088 15 5 10
7.478980 16 5 10
9.601650 17 5 10
11.881172 18 5 10
11.014819 3 6 10
8.533256 4 6 10
6.173745 5 6 10
3.979647 6 6 10
2.012651 7 6 10
0.357784 8 6 10
0.135910 13 6 10
1.421110 14 6 10
3.294760 15 6 10
5.421373 16 6 10
7.731455 17 6 10
10.176446 18 6 10
12.304544 2 7 10
9.601626 3 7 10
6.966164 4 7 10
4.423061 5 7 10
2.012651 6 7 10
1.248138 15 7 10
3.602458 16 7 10
6.106594 17 7 10
8.714650 18 7 10
11.397334 19 7 10
11.288902 2 8 10
8.472542 3 8 10
5.698391 4 8 10
2.982768 5 8 10
0.357784 6 8 10
2.095379 16 8 10
4.785881 17 8 10
7.542549 18 8 10
10.346193 19 8 10
10.570849 2 9 10
7.668567 3 9 10
4.785636 4 9 10
1.930415 5 9 10
0.986998 16 9 10
3.830002 17 9 10
6.705290 18 9 10
9.601772 19 9 10
10.176453 2 10 10
7.223912 3 10 10
4.276084 4 10 10
1.335023 5 10 10
0.356414 16 10 10
3.294911 17 10 10
6.240889 18 10 10
9.191849 19 10 10
12.146520 20 10 10
10.119608 2 11 10
7.159702 3 11 10
4.202317 4 11 10
1.248433 5 11 10
0.264290 16 11 10
3.217399 17 11 10
6.173663 18 11 10
9.132822 19 11 10
12.093633 20 11 10
10.402534 2 12 10
7.479110 3 12 10
4.568895 4 12 10
1.677958 5 12 10
0.721262 16 12 10
3.602425 17 12 10
6.507305 18 12 10
9.426794 19 12 10
12.357099 20 12 10
11.014834 2 13 10
8.166589 3 13 10
5.351621 4 13 10
2.584960 5 13 10
0.135910 6 13 10
1.678227 16 13 10
4.422874 17 13 10
7.223874 18 13 10
10.062695 19 13 10
11.934507 2 14 10
9.191838 3 14 10
6.507200 4 14 10
3.905164 5 14 10
1.421110 6 14 10
0.631432 15 14 10
3.061179 16 14 10
5.629235 17 14 10
8.289386 18 14 10
11.014968 19 14 10
11.777412 2 15 10
9.948498 3 15 10
7.981369 4 15 10
5.560088 5 15 10
3.294760 6 15 10
1.248138 7 15 10
0.631432 14 15 10
2.584898 15 15 10
4.785858 16 15 10
7.159948 17 15 10
9.452389 18 15 10
11.112791 19 15 10
7.616704 3 16 10
5.912362 4 16 10
5.337651 5 16 10
5.421373 6 16 10
3.602458 7 16 10
2.095379 8 16 10
0.986998 9 16 10
0.356414 10 16 10
0.264290 11 16 10
0.721262 12 16 10
1.678227 13 16 10
3.061179 14 16 10
4.785858 15 16 10
5.423880 16 16 10
5.558243 17 16 10
6.955571 18 16 10
9.084915 19 16 10
5.920788 3 17 10
3.462418 4 17 10
2.353303 5 17 10
3.734568 6 17 10
5.443011 7 17 10
4.785881 8 17 10
3.830002 9 17 10
3.294911 10 17 10
3.217399 11 17 10
3.602425 12 17 10
4.422874 13 17 10
5.629235 14 17 10
4.395614 15 17 10
2.542832 16 17 10
2.819465 17 17 10
5.041061 18 17 10
5.486100 3 18 10
2.649652 4 18 10
0.180157 5 18 10
1.395734 6 18 10
2.849274 7 18 10
4.015204 8 18 10
4.848213 9 18 10
5.309116 10 18 10
5.375608 11 18 10
5.044236 12 18 10
4.330969 13 18 10
3.271212 14 18 10
1.908660 15 18 10
0.292431 16 18 10
1.733409 17 18 10
4.521572 18 18 10
6.545906 3 19 10
3.863672 4 19 10
1.221195 5 19 10
0.182153 7 19 10
1.226414 8 19 10
1.967324 9 19 10
2.374480 10 19 10
2.433742 11 19 10
2.140149 12 19 10
1.511391 13 19 10
0.573981 14 19 10
0.677829 15 19 10
0.355004 16 19 10
2.978063 17 19 10
5.647459 18 19 10
5.015377 4 20 10
2.445114 5 20 10
0.081808 6 20 10
0.577729 10 20 10
0.525722 11 20 10
0.781115 12 20 10
1.603040 16 20 10
4.152352 17 20 10
6.312348 4 21 10
3.827721 5 21 10
1.425714 6 21 10
0.646016 15 21 10
3.016422 16 21 10
5.476147 17 21 10
5.367504 5 22 10
3.082083 6 22 10
0.934050 7 22 10
0.265228 14 22 10
2.347793 15 22 10
4.592901 16 22 10
4.901468 6 23 10
2.907854 7 23 10
1.150916 8 23 10
0.264170 9 23 10
0.636364 13 23 10
2.291031 14 23 10
4.216130 15 23 10
6.325435 16 23 10
5.034133 7 24 10
3.454165 8 24 10
2.233357 9 24 10
1.508178 10 24 10
1.399887 11 24 10
1.929745 12 24 10
3.001023 13 24 10
4.474428 14 24 10
6.236221 15 24 10
5.872386 8 25 10
4.807383 9 25 10
4.192098 10 25 10
4.100772 11 25 10
4.547463 12 25 10
5.473471 13 25 10
6.785064 14 25 10
6.907454 10 26 10
6.829254 11 26 10
7.214102 12 26 10
11.785403 8 2 11
11.070061 9 2 11
10.676924 10 2 11
10.620284 11 2 11
10.902273 12 2 11
11.512692 13 2 11
11.512678 6 3 11
10.104266 7 3 11
8.979252 8 3 11
8.178077 9 3 11
7.735516 10 3 11
7.671467 11 3 11
7.989476 12 3 11
8.674579 13 3 11
9.695945 14 3 11
11.014205 15 3 11
10.846059 5 4 11
9.039724 6 4 11
7.478156 7 4 11
6.215077 8 4 11
5.305542 9 4 11
4.798768 10 4 11
4.725183 11 4 11
5.090457 12 4 11
5.870411 13 4 11
7.021216 14 4 11
8.489648 15 4 11
10.219946 16 4 11
12.162550 17 4 11
10.846059 4 5 11
8.674578 5 5 11
6.689154 6 5 11
4.945368 7 5 11
3.510277 8 5 11
2.462552 9 5 11
1.869548 10 5 11
1.783661 11 5 11
2.210026 12 5 11
3.114081 13 5 11
4.428732 14 5 11
6.077680 15 5 11
7.989358 16 5 11
10.104287 17 5 11
11.512678 3 6 11
9.039724 4 6 11
6.689154 5 6 11
4.503061 6 6 11
2.544525 7 6 11
0.897178 8 6 11
0.431581 13 6 11
1.955018 14 6 11
3.821218 15 6 11
5.939864 16 6 11
8.240684 17 6 11
10.676917 18 6 11
10.104266 3 7 11
7.478156 4 7 11
4.945368 5 7 11
2.544525 6 7 11
0.336916 7 7 11
1.783461 15 7 11
4.127936 16 7 11
6.622089 17 7 11
9.220403 18 7 11
11.893537 19 7 11
11.785403 2 8 11
8.979252 3 8 11
6.215077 4 8 11
3.510277 5 8 11
0.897178 6 8 11
0.086408 15 8 11
2.626811 16 8 11
5.305757 17 8 11
8.052614 18 8 11
10.846111 19 8 11
11.070061 2 9 11
8.178077 3 9 11
5.305542 4 9 11
2.462552 5 9 11
1.522520 16 9 11
4.353790 17 9 11
7.218233 18 9 11
10.104400 19 9 11
10.676924 2 10 11
7.735516 3 10 11
4.798768 4 10 11
1.869548 5 10 11
0.896650 16 10 11
3.821344 17 10 11
6.756193 18 10 11
9.695955 19 10 11
10.620284 2 11 11
7.671467 3 11 11
4.725183 4 11 11
1.783661 5 11 11
0.806634 16 11 11
3.744074 17 11 11
6.689081 18 11 11
9.637146 19 11 11
10.902273 2 12 11
7.989476 3 12 11
5.090457 4 12 11
2.210026 5 12 11
1.255532 16 12 11
4.127908 17 12 11
7.021311 18 12 11
9.930046 19 12 11
11.512692 2 13 11
8.674579 3 13 11
5.870411 4 13 11
3.114081 5 13 11
0.431581 6 13 11
2.210224 16 13 11
4.945206 17 13 11
7.735482 18 13 11
10.563697 19 13 11
9.695945 3 14 11
7.021216 4 14 11
4.428732 5 14 11
1.955018 6 14 11
1.166537 15 14 11
3.588417 16 14 11
6.146381 17 14 11
8.796855 18 14 11
11.512817 19 14 11
10.391116 3 15 11
8.489648 4 15 11
6.077680 5 15 11
3.821218 6 15 11
1.783461 7 15 11
0.086408 8 15 11
1.166537 14 15 11
3.114031 15 15 11
5.305736 16 15 11
7.671689 17 15 11
9.843044 18 15 11
11.658451 19 15 11
8.195972 3 16 11
6.308232 4 16 11
5.355250 5 16 11
5.639405 6 16 11
4.127936 7 16 11
2.626811 8 16 11
1.522520 9 16 11
0.896650 10 16 11
0.806634 11 16 11
1.255532 12 16 11
2.210224 13 16 11
3.588417 14 16 11
5.305736 15 16 11
5.312321 16 16 11
5.855544 17 16 11
7.488936 18 16 11
6.661276 3 17 11
4.113615 4 17 11
2.399621 5 17 11
2.996441 6 17 11
4.832731 7 17 11
5.305757 8 17 11
4.353790 9 17 11
3.821344 10 17 11
3.744074 11 17 11
4.127908 12 17 11
4.945206 13 17 11
5.303995 14 17 11
3.642976 15 17 11
2.313791 16 17 11
3.378674 17 17 11
5.769126 18 17 11
6.290569 3 18 11
3.471292 4 18 11
0.894204 5 18 11
0.804049 6 18 11
2.252217 7 18 11
3.411893 8 18 11
4.240428 9 18 11
4.699304 10 18 11
4.765523 11 18 11
4.435495 12 18 11
3.725824 13 18 11
2.671257 14 18 11
1.317329 15 18 11
0.216097 16 18 11
2.558022 17 18 11
5.336803 18 18 11
4.771722 4 19 11
2.175367 5 19 11
0.413857 7 19 11
0.639404 8 19 11
1.377176 9 19 11
1.778609 10 19 11
1.837402 11 19 11
1.546972 12 19 11
0.918855 13 19 11
0.079399 14 19 11
1.324853 16 19 11
3.900857 17 19 11
6.456015 18 19 11
5.939260 4 20 11
3.419513 5 20 11
0.974987 6 20 11
0.194937 15 20 11
2.595880 16 20 11
5.092180 17 20 11
4.819998 5 21 11
2.480465 6 21 11
0.280310 7 21 11
1.728011 15 21 11
4.029411 16 21 11
6.432175 17 21 11
6.374740 5 22 11
4.155042 6 22 11
2.087856 7 22 11
0.246285 8 22 11
0.320610 13 22 11
1.442790 14 22 11
3.446175 15 22 11
5.620352 16 22 11
5.985783 6 23 11
4.068880 7 23 11
2.399885 8 23 11
1.089854 9 23 11
0.302805 10 23 11
0.173543 11 23 11
0.759874 12 23 11
1.917788 13 23 11
3.480722 14 23 11
5.323776 15 23 11
6.193902 7 24 11
4.691301 8 24 11
3.547612 9 24 11
2.877939 10 24 11
2.779140 11 24 11
3.266212 12 24 11
4.264824 13 24 11
5.659832 14 24 11
7.087394 8 25 11
6.081670 9 25 11
5.505315 10 25 11
5.420989 11 25 11
5.837730 12 25 11
6.708858 13 25 11
11.632432 9 2 12
11.241064 10 2 12
11.184602 11 2 12
11.465385 12 2 12
12.073182 13 2 12
12.073169 6 3 12
10.670781 7 3 12
9.550928 8 3 12
8.753383 9 3 12
8.312053 10 3 12
8.248352 11 3 12
8.565289 12 3 12
9.246993 13 3 12
10.264157 14 3 12
11.576823 15 3 12
11.409428 5 4 12
9.611093 6 4 12
8.056365 7 4 12
6.798919 8 4 12
5.893719 9 4 12
5.389306 10 4 12
5.316112 11 4 12
5.679623 12 4 12
6.455785 13 4 12
7.601273 14 4 12
9.063027 15 4 12
10.785890 16 4 12
11.409428 4 5 12
9.246993 5 5 12
7.270811 6 5 12
5.535127 7 5 12
4.107603 8 5 12
3.063423 9 5 12
2.474605 10 5 12
2.388626 11 5 12
2.813681 12 5 12
3.712661 13 5 12
5.021270 14 5 12
6.662076 15 5 12
8.565182 16 5 12
10.670801 17 5 12
12.073169 3 6 12
9.611093 4 6 12
7.270811 5 6 12
5.095206 6 6 12
3.145624 7 6 12
1.505373 8 6 12
0.278881 9 6 12
0.071428 12 6 12
1.044282 13 6 12
2.560160 14 6 12
4.416605 15 6 12
6.524785 16 6 12
8.815594 17 6 12
11.241058 18 6 12
10.670781 3 7 12
8.056365 4 7 12
5.535127 5 7 12
3.145624 6 7 12
0.950005 7 7 12
0.279148 14 7 12
2.388483 15 7 12
4.721335 16 7 12
7.204268 17 7 12
9.790768 18 7 12
9.550928 3 8 12
6.798919 4 8 12
4.107603 5 8 12
1.505373 6 8 12
0.668019 15 8 12
3.227978 16 8 12
5.893906 17 8 12
8.628246 18 8 12
11.409476 19 8 12
11.632432 2 9 12
8.753383 3 9 12
5.893719 4 9 12
3.063423 5 9 12
0.278881 6 9 12
2.128789 16 9 12
4.946786 17 9 12
7.797641 18 9 12
10.670904 19 9 12
11.241064 2 10 12
8.312053 3 10 12
5.389306 4 10 12
2.474605 5 10 12
1.505070 16 10 12
4.416711 17 10 12
7.337320 18 10 12
10.264166 19 10 12
11.184602 2 11 12
8.248352 3 11 12
5.316112 4 11 12
2.388626 5 11 12
1.414413 16 11 12
4.339958 17 11 12
7.270746 18 11 12
10.205478 19 11 12
11.465385 2 12 12
8.565289 3 12 12
5.679623 4 12 12
2.813681 5 12 12
0.071428 6 12 12
1.864615 16 12 12
4.721311 17 12 12
7.601357 18 12 12
10.497422 19 12 12
12.073182 2 13 12
9.246993 3 13 12
6.455785 4 13 12
3.712661 5 13 12
1.044282 6 13 12
0.181913 15 13 12
2.813831 16 13 12
5.534987 17 13 12
8.312023 18 13 12
11.128108 19 13 12
10.264157 3 14 12
7.601273 4 14 12
5.021270 5 14 12
2.560160 6 14 12
0.279148 7 14 12
1.775478 15 14 12
4.185431 16 14 12
6.730509 17 14 12
9.368972 18 14 12
12.073297 19 14 12
11.028325 3 15 12
9.063027 4 15 12
6.662076 5 15 12
4.416605 6 15 12
2.388483 7 15 12
0.668019 8 15 12
0.181913 13 15 12
1.775478 14 15 12
3.712621 15 15 12
5.893888 16 15 12
8.248551 17 15 12
10.433446 18 15 12
8.981800 3 16 12
6.911471 4 16 12
5.538757 5 16 12
5.353997 6 16 12
4.721335 7 16 12
3.227978 8 16 12
2.128789 9 16 12
1.505070 10 16 12
1.414413 11 16 12
1.864615 12 16 12
2.813831 13 16 12
4.185431 14 16 12
5.551522 15 16 12
5.351249 16 16 12
6.348237 17 16 12
8.240484 18 16 12
7.597468 3 17 12
4.983495 4 17 12
2.801357 5 17 12
2.413755 6 17 12
4.121805 7 17 12
5.448713 8 17 12
4.946786 9 17 12
4.416711 10 17 12
4.339958 11 17 12
4.721311 12 17 12
5.534987 13 17 12
4.618269 14 17 12
2.819828 15 17 12
2.409488 16 17 12
4.172195 17 17 12
6.704802 18 17 12
4.461168 4 18 12
1.737060 5 18 12
0.165134 6 18 12
1.583978 7 18 12
2.737001 8 18 12
3.560398 9 18 12
4.017910 10 18 12
4.083389 11 18 12
3.754772 12 18 12
3.049423 13 18 12
2.000650 14 18 12
0.652988 15 18 12
0.971841 16 18 12
3.537558 17 18 12
6.324806 18 18 12
5.741848 4 19 12
3.251834 5 19 12
0.783084 6 19 12
0.097465 8 19 12
0.714161 9 19 12
1.113981 10 19 12
1.172207 11 19 12
0.886887 12 19 12
0.269962 13 19 12
0.691322 14 19 12
0.033457 15 19 12
2.417902 16 19 12
4.939115 17 19 12
4.513550 5 20 12
2.138280 6 20 12
0.145180 7 20 12
1.373277 15 20 12
3.711074 16 20 12
6.146305 17 20 12
5.931150 5 21 12
3.666194 6 21 12
1.543285 7 21 12
0.375203 8 21 12
0.878599 14 21 12
2.939634 15 21 12
5.162992 16 21 12
5.352429 6 22 12
3.373632 7 22 12
1.632746 8 22 12
0.245134 9 22 12
0.122778 12 22 12
1.125236 13 22 12
2.761581 14 22 12
4.671374 15 22 12
6.768376 16 22 12
5.357322 7 23 12
3.782367 8 23 12
2.567579 9 23 12
1.847919 10 23 12
1.739485 11 23 12
2.265935 12 23 12
3.332067 13 23 12
4.799653 14 23 12
6.555710 15 23 12
6.052538 8 24 12
4.984736 9 24 12
4.366617 10 24 12
4.275844 11 24 12
4.723692 12 24 12
5.652396 13 24 12
6.966984 14 24 12
6.934410 10 25 12
6.855448 11 25 12
7.243912 12 25 12
11.872702 10 2 13
11.816515 11 2 13
12.096292 12 2 13
11.305759 7 3 13
10.191371 8 3 13
9.398175 9 3 13
8.959544 10 3 13
8.896162 11 3 13
9.211541 12 3 13
9.889585 13 3 13
10.900971 14 3 13
12.040520 5 4 13
10.251259 6 4 13
8.705148 7 4 13
7.454909 8 4 13
6.555289 9 4 13
6.053546 10 4 13
5.980971 11 4 13
6.341767 12 4 13
7.113634 13 4 13
8.252714 14 4 13
9.706416 15 4 13
11.420310 16 4 13
12.040520 4 5 13
9.889584 5 5 13
7.924124 6 5 13
6.198148 7 5 13
4.779059 8 5 13
3.741855 9 5 13
3.156680 10 5 13
3.071307 11 5 13
3.493496 12 5 13
4.387100 13 5 13
5.687513 14 5 13
7.318966 15 5 13
9.211446 16 5 13
11.305777 17 5 13
10.251259 4 6 13
7.924124 5 6 13
5.761277 6 6 13
3.823701 7 6 13
2.194388 8 6 13
0.976463 9 6 13
0.276912 10 6 13
0.171755 11 6 13
0.677209 12 6 13
1.735778 13 6 13
3.241666 14 6 13
5.086796 15 6 13
7.182514 16 6 13
9.460100 17 6 13
11.872697 18 6 13
11.305759 3 7 13
8.705148 4 7 13
6.198148 5 7 13
3.823701 6 7 13
1.643054 7 7 13
0.976536 14 7 13
3.071200 15 7 13
5.389477 16 7 13
7.857932 17 7 13
10.430209 18 7 13
10.191371 3 8 13
7.454909 4 8 13
4.779059 5 8 13
2.194388 6 8 13
1.359447 15 8 13
3.905606 16 8 13
6.555450 17 8 13
9.274058 18 8 13
12.040563 19 8 13
9.398175 3 9 13
6.555289 4 9 13
3.741855 5 9 13
0.976463 6 9 13
0.076312 15 9 13
2.813339 16 9 13
5.613248 17 9 13
8.447999 18 9 13
11.305870 19 9 13
11.872702 2 10 13
8.959544 3 10 13
6.053546 4 10 13
3.156680 5 10 13
0.276912 6 10 13
2.194190 16 10 13
5.086883 17 10 13
7.990240 18 10 13
10.900979 19 10 13
11.816515 2 11 13
8.896162 3 11 13
5.980971 4 11 13
3.071307 5 11 13
0.171755 6 11 13
2.103656 16 11 13
5.010373 17 11 13
7.924067 18 11 13
10.842692 19 11 13
12.096292 2 12 13
9.211541 3 12 13
6.341767 4 12 13
3.493496 5 12 13
0.677209 6 12 13
2.550220 16 12 13
5.389457 17 12 13
8.252789 18 12 13
11.133018 19 12 13
9.889585 3 13 13
7.113634 4 13 13
4.387100 5 13 13
1.735778 6 13 13
0.876946 15 13 13
3.493611 16 13 13
6.198029 17 13 13
8.959517 18 13 13
11.760358 19 13 13
10.900971 3 14 13
8.252714 4 14 13
5.687513 5 14 13
3.241666 6 14 13
0.976536 7 14 13
0.274477 14 14 13
2.461851 15 14 13
4.856376 16 14 13
7.386956 17 14 13
10.010793 18 14 13
11.729475 3 15 13
9.706416 4 15 13
7.318966 5 15 13
5.086796 6 15 13
3.071200 7 15 13
1.359447 8 15 13
0.076312 9 15 13
0.876946 13 15 13
2.461851 14 15 13
4.387067 15 15 13
6.555435 16 15 13
8.896339 17 15 13
11.103328 18 15 13
7.663517 4 16 13
5.997400 5 16 13
5.333345 6 16 13
5.389477 7 16 13
3.905606 8 16 13
2.813339 9 16 13
2.194190 10 16 13
2.103656 11 16 13
2.550220 12 16 13
3.493611 13 16 13
4.856376 14 16 13
5.324949 15 16 13
5.649387 16 16 13
7.019086 17 16 13
9.078445 18 16 13
5.988636 4 17 13
3.615467 5 17 13
2.342235 6 17 13
3.052431 7 17 13
4.680082 8 17 13
5.612898 9 17 13
5.086883 10 17 13
5.010373 11 17 13
5.389457 12 17 13
5.033698 13 17 13
3.674689 14 17 13
2.332229 15 17 13
2.991884 16 17 13
5.141819 17 17 13
5.567588 4 18 13
2.857931 5 18 13
0.597283 6 18 13
0.845210 7 18 13
1.987881 8 18 13
2.805975 9 18 13
3.258899 10 18 13
3.323989 11 18 13
2.999723 12 18 13
2.299452 13 18 13
1.256195 14 18 13
0.041462 15 18 13
1.996789 16 18 13
4.648551 17 18 13
4.451963 5 19 13
2.056806 6 19 13
0.232424 7 19 13
0.758748 8 19 13
0.085159 9 19 13
0.378747 10 19 13
0.436036 11 19 13
0.174653 12 19 13
0.489422 13 19 13
1.284841 15 19 13
3.643300 16 19 13
5.897437 17 19 13
5.732066 5 20 13
3.437384 6 20 13
1.280009 7 20 13
0.600427 14 20 13
2.700310 15 20 13
4.954902 16 20 13
4.980059 6 21 13
2.955997 7 21 13
1.161619 8 21 13
0.296521 9 21 13
0.635406 13 21 13
2.327338 14 21 13
4.284866 15 21 13
6.421160 16 21 13
6.676994 6 22 13
4.792598 7 22 13
3.159868 8 22 13
1.887815 9 22 13
1.123568 10 22 13
1.009602 11 22 13
1.567904 12 22 13
2.689643 13 22 13
4.216569 14 22 13
6.025697 15 22 13
6.771348 7 23 13
5.291983 8 23 13
4.169720 9 23 13
3.515861 10 23 13
3.418541 11 23 13
3.894341 12 23 13
4.872293 13 23 13
6.244525 14 23 13
6.536843 9 24 13
5.968473 10 24 13
5.884618 11 24 13
6.296646 12 24 13
7.157893 13 24 13
12.014072 7 3 14
10.906969 8 3 14
10.119074 9 3 14
9.683369 10 3 14
9.620453 11 3 14
9.933556 12 3 14
10.607229 13 3 14
11.611968 14 3 14
10.966491 6 4 14
9.430864 7 4 14
8.189408 8 4 14
7.295642 9 4 14
6.797832 10 4 14
6.725692 11 4 14
7.084280 12 4 14
7.850092 13 4 14
8.981436 14 4 14
10.425243 15 4 14
10.607229 5 5 14
8.654901 6 5 14
6.941566 7 5 14
5.533057 8 5 14
4.503874 9 5 14
3.923472 10 5 14
3.839214 11 5 14
4.257569 12 5 14
5.144016 13 5 14
6.434733 14 5 14
8.054103 15 5 14
9.933472 16 5 14
12.014088 17 5 14
10.966491 4 6 14
8.654901 5 6 14
6.508036 6 6 14
4.584907 7 6 14
2.968104 8 6 14
1.759534 9 6 14
1.063426 10 6 14
0.961500 11 6 14
1.464694 12 6 14
2.513979 13 6 14
4.007389 14 6 14
5.838404 15 6 14
7.918312 16 6 14
10.180577 17 6 14
12.014072 3 7 14
9.430864 4 7 14
6.941566 5 7 14
4.584907 6 7 14
2.421691 7 7 14
0.544042 8 7 14
0.035737 13 7 14
1.759572 14 7 14
3.839133 15 7 14
6.138716 16 7 14
8.588999 17 7 14
11.144360 18 7 14
10.906969 3 8 14
8.189408 4 8 14
5.533057 5 8 14
2.968104 6 8 14
0.544042 7 8 14
0.224662 14 8 14
2.141085 15 8 14
4.665947 16 8 14
7.295780 17 8 14
9.995766 18 8 14
10.119074 3 9 14
7.295642 4 9 14
4.503874 5 9 14
1.759534 6 9 14
0.860424 15 9 14
3.582251 16 9 14
6.360980 17 9 14
9.175156 18 9 14
12.014172 19 9 14
9.683369 3 10 14
6.797832 4 10 14
3.923472 5 10 14
1.063426 6 10 14
0.116178 15 10 14
2.967965 16 10 14
5.838477 17 10 14
8.720744 18 10 14
11.611975 19 10 14
9.620453 3 11 14
6.725692 4 11 14
3.839214 5 11 14
0.961500 6 11 14
0.036544 15 11 14
2.878461 16 11 14
5.762541 17 11 14
8.654851 18 11 14
11.554014 19 11 14
9.933556 3 12 14
7.084280 4 12 14
4.257569 5 12 14
1.464694 6 12 14
0.545568 15 12 14
3.322378 16 12 14
6.138699 17 12 14
8.981502 18 12 14
11.842726 19 12 14
10.607229 3 13 14
7.850092 4 13 14
5.144016 5 13 14
2.513979 6 13 14
0.035737 7 13 14
1.661516 15 13 14
4.257659 16 13 14
6.941464 17 13 14
9.683345 18 13 14
11.611968 3 14 14
8.981436 4 14 14
6.434733 5 14 14
4.007389 6 14 14
1.759572 7 14 14
0.224662 8 14 14
1.062828 14 14 14
3.234645 15 14 14
5.609762 16 14 14
8.121783 17 14 14
10.727521 18 14 14
10.425243 4 15 14
8.054103 5 15 14
5.838404 6 15 14
3.839133 7 15 14
2.141085 8 15 14
0.860424 9 15 14
0.116178 10 15 14
0.036544 11 15 14
0.545568 12 15 14
1.661516 13 15 14
3.234645 14 15 14
5.143990 15 15 14
7.295767 16 15 14
9.620610 17 15 14
11.961394 18 15 14
8.597625 4 16 14
6.687712 5 16 14
5.512189 6 16 14
5.330267 7 16 14
4.665947 8 16 14
3.582251 9 16 14
2.967965 10 16 14
2.878461 11 16 14
3.322378 12 16 14
4.257659 13 16 14
5.438160 14 16 14
5.347080 15 16 14
6.225876 16 16 14
7.895073 17 16 14
7.149350 4 17 14
4.681833 5 17 14
2.741514 6 17 14
2.353401 7 17 14
3.595350 8 17 14
4.755135 9 17 14
5.272220 10 17 14
5.346935 11 17 14
4.974295 12 17 14
4.181329 13 17 14
2.596173 14 17 14
2.392266 15 17 14
3.993058 16 17 14
6.286990 17 17 14
4.136861 5 18 14
1.618076 6 18 14
0.057232 7 18 14
1.164729 8 18 14
1.972196 9 18 14
2.422799 10 18 14
2.486617 11 18 14
2.163286 12 18 14
1.467816 13 18 14
0.438408 14 18 14
0.908749 15 18 14
3.303993 16 18 14
5.892393 17 18 14
5.505241 5 19 14
3.476855 6 19 14
1.305462 7 19 14
0.843685 9 19 14
0.443866 10 19 14
0.387935 11 19 14
0.675805 12 19 14
0.621593 14 19 14
2.735815 15 19 14
4.887559 16 19 14
4.873268 6 20 14
2.825001 7 20 14
1.001412 8 20 14
0.461139 13 20 14
2.187356 14 20 14
4.170350 15 20 14
6.327840 16 20 14
6.426164 6 21 14
4.508230 7 21 14
2.838638 8 21 14
1.526720 9 21 14
0.733508 10 21 14
0.610597 11 21 14
1.195464 12 21 14
2.355153 13 21 14
3.919376 14 21 14
5.764699 15 21 14
6.341546 7 22 14
4.819133 8 22 14
3.657015 9 22 14
2.974122 10 22 14
2.872372 11 22 14
3.369845 12 22 14
4.386391 13 22 14
5.800616 14 22 14
6.921314 8 23 14
5.887447 9 23 14
5.292850 10 23 14
5.204820 11 23 14
5.635819 12 23 14
6.533390 13 23 14
11.703963 8 3 15
10.922541 9 3 15
10.490587 10 3 15
10.428226 11 3 15
10.738334 12 3 15
11.406473 13 3 15
11.762986 6 4 15
10.239805 7 4 15
9.009098 8 4 15
8.123501 9 4 15
7.630263 10 4 15
7.558831 11 4 15
7.914023 12 4 15
8.672936 13 4 15
9.794445 14 4 15
11.226096 15 4 15
11.406473 5 5 15
9.470790 6 5 15
7.772597 7 5 15
6.377431 8 5 15
5.358269 9 5 15
4.783688 10 5 15
4.700189 11 5 15
5.114620 12 5 15
5.992531 13 5 15
7.270336 14 5 15
8.875342 15 5 15
10.738260 16 5 15
11.762986 4 6 15
9.470790 5 6 15
7.342892 6 6 15
5.438724 7 6 15
3.838637 8 6 15
2.641992 9 6 15
1.954741 10 6 15
1.853536 11 6 15
2.351394 12 6 15
3.389607 13 6 15
4.866862 14 6 15
6.679691 15 6 15
8.740610 16 6 15
10.983666 17 6 15
10.239805 4 7 15
7.772597 5 7 15
5.438724 6 7 15
3.298201 7 7 15
1.441508 8 7 15
0.024785 9 7 15
0.909888 13 7 15
2.642016 14 7 15
4.700127 15 7 15
6.977515 16 7 15
9.405608 17 7 15
11.939377 18 7 15
11.703963 3 8 15
9.009098 4 8 15
6.377431 5 8 15
3.838637 6 8 15
1.441508 7 8 15
0.688510 14 8 15
3.020378 15 8 15
5.519130 16 8 15
8.123619 17 8 15
10.799947 18 8 15
10.922541 3 9 15
8.123501 4 9 15
5.358269 5 9 15
2.641992 6 9 15
0.024785 7 9 15
1.752424 15 9 15
4.446151 16 9 15
7.197378 17 9 15
9.986619 18 9 15
10.490587 3 10 15
7.630263 4 10 15
4.783688 5 10 15
1.954741 6 10 15
1.016823 15 10 15
3.838536 16 10 15
6.679751 17 10 15
9.535882 18 10 15
10.428226 3 11 15
7.558831 4 11 15
4.700189 5 11 15
1.853536 6 11 15
0.909918 15 11 15
3.749964 16 11 15
6.604711 17 11 15
9.470746 18 11 15
10.738334 3 12 15
7.914023 4 12 15
5.114620 5 12 15
2.351394 6 12 15
1.442048 15 12 15
4.188892 16 12 15
6.977501 17 12 15
9.794502 18 12 15
11.406473 3 13 15
8.672936 4 13 15
5.992531 5 13 15
3.389607 6 13 15
0.909888 7 13 15
0.136706 14 13 15
2.546254 15 13 15
5.114691 16 13 15
7.772511 17 13 15
10.490566 18 13 15
9.794445 4 14 15
7.270336 5 14 15
4.866862 6 14 15
2.642016 7 14 15
0.688510 8 14 15
0.136706 13 14 15
1.954437 14 14 15
4.101869 15 14 15
6.453688 16 14 15
8.942316 17 14 15
11.526055 18 14 15
11.226096 4 15 15
8.875342 5 15 15
6.679691 6 15 15
4.700127 7 15 15
3.020378 8 15 15
1.752424 9 15 15
1.016823 10 15 15
0.909918 11 15 15
1.442048 12 15 15
2.546254 13 15 15
4.101869 14 15 15
5.992510 15 15 15
8.123607 16 15 15
10.428363 17 15 15
7.690602 5 16 15
6.116503 6 16 15
5.334694 7 16 15
5.357324 8 16 15
4.446151 9 16 15
3.838536 10 16 15
3.749964 11 16 15
4.188892 12 16 15
5.114691 13 16 15
5.333240 14 16 15
5.744851 15 16 15
7.090792 16 16 15
9.010209 17 16 15
6.023258 5 17 15
3.810343 6 17 15
2.370958 7 17 15
2.428359 8 17 15
3.561806 9 17 15
4.321139 10 17 15
4.395409 11 17 15
4.009249 12 17 15
2.717914 13 17 15
2.342597 14 17 15
3.187801 15 17 15
5.235800 16 17 15
5.604811 5 18 15
3.102550 6 18 15
0.885400 7 18 15
0.259916 8 18 15
1.059358 9 18 15
1.501664 10 18 15
1.566117 11 18 15
1.244898 12 18 15
0.560774 13 18 15
0.471666 14 18 15
2.306694 15 18 15
4.748460 16 18 15
4.767905 6 19 15
2.986732 7 19 15
1.158792 8 19 15
0.334304 9 19 15
0.618958 13 19 15
2.347806 14 19 15
4.284517 15 19 15
5.973453 16 19 15
6.444582 6 20 15
4.514328 7 20 15
2.828952 8 20 15
1.501876 9 20 15
0.696250 10 20 15
0.571351 11 20 15
1.166105 12 20 15
2.339044 13 20 15
3.920412 14 20 15
5.779056 15 20 15
6.194866 7 21 15
4.649142 8 21 15
3.463682 9 21 15
2.763983 10 21 15
2.659662 11 21 15
3.169675 12 21 15
4.207735 13 21 15
5.646405 14 21 15
6.600787 8 22 15
5.540247 9 22 15
4.927089 10 22 15
4.837160 11 22 15
5.281493 12 22 15
6.203035 13 22 15
7.170034 10 23 15
7.090639 11 23 15
11.816147 9 3 16
11.388641 10 3 16
11.326907 11 3 16
11.634173 12 3 16
11.140832 7 4 16
9.923192 8 4 16
9.047672 9 4 16
8.560256 10 4 16
8.489534 11 4 16
8.840230 12 4 16
9.590788 13 4 16
10.700173 14 4 16
10.379755 6 5 16
8.700656 7 5 16
7.322340 8 5 16
6.315809 9 5 16
5.749025 10 5 16
5.666203 11 5 16
6.075178 12 5 16
6.941940 13 5 16
8.204389 14 5 16
9.790900 15 5 16
11.634109 16 5 16
10.379755 5 6 16
8.275912 6 6 16
6.395209 7 6 16
4.816156 8 6 16
3.636818 9 6 16
2.959695 10 6 16
2.860644 11 6 16
3.350400 12 6 16
4.373361 13 6 16
5.830934 14 6 16
7.620861 15 6 16
9.657684 16 6 16
11.876571 17 6 16
11.140832 4 7 16
8.700656 5 7 16
6.395209 6 7 16
4.283518 7 7 16
2.454604 8 7 16
1.039671 9 7 16
0.203428 10 7 16
0.088125 11 7 16
0.689449 12 7 16
1.929584 13 7 16
3.636834 14 7 16
5.666155 15 7 16
7.914746 16 7 16
10.315258 17 7 16
9.923192 4 8 16
7.322340 5 8 16
4.816156 6 8 16
2.454604 7 8 16
0.329272 8 8 16
1.712993 14 8 16
4.009602 15 8 16
6.474530 16 8 16
9.047771 17 8 16
11.695025 18 8 16
11.816147 3 9 16
9.047672 4 9 16
6.315809 5 9 16
3.636818 6 9 16
1.039671 7 9 16
0.202261 14 9 16
2.759956 15 9 16
5.415911 16 9 16
8.132510 17 9 16
10.890002 18 9 16
11.388641 3 10 16
8.560256 4 10 16
5.749025 5 10 16
2.959695 6 10 16
0.203428 7 10 16
2.036022 15 10 16
4.816081 16 10 16
7.620910 17 10 16
10.444180 18 10 16
11.326907 3 11 16
8.489534 4 11 16
5.666203 5 11 16
2.860644 6 11 16
0.088125 7 11 16
1.929597 15 11 16
4.728586 16 11 16
7.546633 17 11 16
10.379717 18 11 16
11.634173 3 12 16
8.840230 4 12 16
6.075178 5 12 16
3.350400 6 12 16
0.689449 7 12 16
0.182419 14 12 16
2.454897 15 12 16
5.161446 16 12 16
7.914734 17 12 16
10.700223 18 12 16
9.590788 4 13 16
6.941940 5 13 16
4.373361 6 13 16
1.929584 7 13 16
1.154928 14 13 16
3.542370 15 13 16
6.075234 16 13 16
8.700584 17 13 16
11.388622 18 13 16
10.700173 4 14 16
8.204389 5 14 16
5.830934 6 14 16
3.636834 7 14 16
1.712993 8 14 16
0.202261 9 14 16
0.182419 12 14 16
1.154928 13 14 16
2.959509 14 14 16
5.076019 15 14 16
7.397301 16 14 16
9.857158 17 14 16
9.790900 5 15 16
7.620861 6 15 16
5.666155 7 15 16
4.009602 8 15 16
2.759956 9 15 16
2.036022 10 15 16
1.929597 11 15 16
2.454897 12 15 16
3.542370 13 15 16
5.076019 14 15 16
6.941923 15 15 16
9.047761 16 15 16
11.327027 17 15 16
8.923131 5 16 16
7.138356 6 16 16
5.869045 7 16 16
5.320368 8 16 16
5.314663 9 16 16
4.816081 10 16 16
4.728586 11 16 16
5.161446 12 16 16
5.325518 13 16 16
5.603617 14 16 16
6.613203 15 16 16
8.286942 16 16 16
7.535319 5 17 16
5.302699 6 17 16
3.391314 7 17 16
2.337186 8 17 16
2.329518 9 17 16
2.659545 10 17 16
2.752605 11 17 16
2.414784 12 17 16
2.341781 13 17 16
2.904040 14 17 16
4.575271 15 17 16
6.769946 16 17 16
4.825050 6 18 16
2.560534 7 18 16
0.752340 8 18 16
0.098571 9 18 16
0.495096 10 18 16
0.558335 11 18 16
0.186137 12 18 16
0.447293 13 18 16
1.861817 14 18 16
4.016436 15 18 16
6.030548 6 19 16
4.428505 7 19 16
3.142725 8 19 16
1.824681 9 19 16
1.026595 10 19 16
0.905919 11 19 16
1.492239 12 19 16
2.656934 13 19 16
4.053320 14 19 16
5.415756 15 19 16
6.340631 7 20 16
4.792118 8 20 16
3.604409 9 20 16
2.903411 10 20 16
2.798317 11 20 16
3.309988 12 20 16
4.349973 13 20 16
5.791243 14 20 16
6.582064 8 21 16
5.510567 9 21 16
4.890860 10 21 16
4.800185 11 21 16
5.249278 12 21 16
6.180716 13 21 16
6.974514 10 22 16
6.893740 11 22 16
7.292796 12 22 16
10.941560 8 4 17
10.078424 9 4 17
9.597958 10 4 17
9.528396 11 4 17
9.874024 12 4 17
10.613823 13 4 17
11.707789 14 4 17
11.391758 6 5 17
9.736592 7 5 17
8.379160 8 5 17
7.389124 9 5 17
6.831430 10 5 17
6.750364 11 5 17
7.152209 12 5 17
8.004876 13 5 17
9.247528 14 5 17
10.810950 15 5 17
11.391758 5 6 17
9.318109 6 6 17
7.467050 7 6 17
5.915327 8 6 17
4.757969 9 6 17
4.094191 10 6 17
3.996976 11 6 17
4.477348 12 6 17
5.480768 13 6 17
6.912217 14 6 17
8.673120 15 6 17
10.679709 16 6 17
9.736592 5 7 17
7.467050 6 7 17
5.392282 7 7 17
3.599502 8 7 17
2.215685 9 7 17
1.397711 10 7 17
1.275522 11 7 17
1.872971 12 7 17
3.085582 13 7 17
4.757980 14 7 17
6.750326 15 7 17
8.962450 16 7 17
11.328135 17 7 17
10.941560 4 8 17
8.379160 5 8 17
5.915327 6 8 17
3.599502 7 8 17
1.518017 8 8 17
0.176968 9 8 17
0.901124 13 8 17
2.874441 14 8 17
5.123930 15 8 17
7.544882 16 8 17
10.078506 17 8 17
10.078424 4 9 17
7.389124 5 9 17
4.757969 6 9 17
2.215685 7 9 17
0.176968 8 9 17
1.397558 14 9 17
3.898649 15 9 17
6.504240 16 9 17
9.176628 17 9 17
9.597958 4 10 17
6.831430 5 10 17
4.094191 6 10 17
1.397711 7 10 17
0.510915 14 10 17
3.190145 15 10 17
5.915271 16 10 17
8.673160 17 10 17
11.455307 18 10 17
9.528396 4 11 17
6.750364 5 11 17
3.996976 6 11 17
1.275522 7 11 17
0.379243 14 11 17
3.085590 15 11 17
5.829354 16 11 17
8.600000 17 11 17
11.391727 18 11 17
9.874024 4 12 17
7.152209 5 12 17
4.477348 6 12 17
1.872971 7 12 17
1.026993 14 12 17
3.599684 15 12 17
6.254476 16 12 17
8.962441 17 12 17
11.707831 18 12 17
10.613823 4 13 17
8.004876 5 13 17
5.480768 6 13 17
3.085582 7 13 17
0.901124 8 13 17
0.242706 13 13 17
2.328466 14 13 17
4.664974 15 13 17
7.152252 16 13 17
9.736533 17 13 17
11.707789 4 14 17
9.247528 5 14 17
6.912217 6 14 17
4.757980 7 14 17
2.874441 8 14 17
1.397558 9 14 17
0.510915 10 14 17
0.379243 11 14 17
1.026993 12 14 17
2.328466 13 14 17
4.094068 14 14 17
6.170428 15 14 17
8.452961 16 14 17
10.876369 17 14 17
10.810950 5 15 17
8.673120 6 15 17
6.750326 7 15 17
5.123930 8 15 17
3.898649 9 15 17
3.190145 10 15 17
3.085590 11 15 17
3.599684 12 15 17
4.664974 13 15 17
6.170428 14 15 17
8.004862 15 15 17
10.078498 16 15 17
8.566144 6 16 17
6.977565 7 16 17
5.913116 8 16 17
5.396450 9 16 17
5.306248 10 16 17
5.318092 11 16 17
5.350294 12 16 17
5.691904 13 16 17
6.578477 14 16 17
8.004918 15 16 17
9.746936 16 16 17
7.100605 6 17 17
5.083555 7 17 17
3.480818 8 17 17
2.512322 9 17 17
2.309068 10 17 17
2.327646 11 17 17
2.394017 12 17 17
3.090376 13 17 17
4.516542 14 17 17
6.412509 15 17 17
4.582429 7 18 17
2.695785 8 18 17
1.212250 9 18 17
0.620039 10 18 17
0.558759 11 18 17
0.914871 12 18 17
2.153716 13 18 17
3.939790 14 18 17
6.013471 15 18 17
5.844209 7 19 17
4.518674 8 19 17
3.768959 9 19 17
3.383035 10 19 17
3.301549 11 19 17
3.604863 12 19 17
4.207363 13 19 17
5.351511 14 19 17
6.876018 8 20 17
5.811891 9 20 17
5.197291 10 20 17
5.106714 11 20 17
5.552401 12 20 17
6.477144 13 20 17
7.102673 10 21 17
7.021816 11 21 17
11.227520 9 4 18
10.756263 10 4 18
10.687885 11 4 18
11.026977 12 4 18
11.753317 13 4 18
10.892027 7 5 18
9.561283 8 5 18
8.591949 9 5 18
8.046738 10 5 18
7.967314 11 5 18
8.360464 12 5 18
9.194605 13 5 18
10.412493 14 5 18
10.481750 6 6 18
8.668503 7 6 18
7.151775 8 6 18
6.023336 9 6 18
5.377085 10 6 18
5.282530 11 6 18
5.750093 12 6 18
6.727717 13 6 18
8.125791 14 6 18
9.849377 15 6 18
10.892027 5 7 18
8.668503 6 7 18
6.641309 7 7 18
4.896160 8 7 18
3.554078 9 7 18
2.762691 10 7 18
2.645044 11 7 18
3.221886 12 7 18
4.397123 13 7 18
6.023344 14 7 18
7.967285 15 7 18
10.133009 16 7 18
9.561283 5 8 18
7.151775 6 8 18
4.896160 7 8 18
2.879658 8 8 18
1.247961 9 8 18
0.235470 10 8 18
0.087227 11 8 18
0.827799 12 8 18
2.283472 13 8 18
4.191809 14 8 18
6.379532 15 8 18
8.744519 16 8 18
11.227589 17 8 18
11.227520 4 9 18
8.591949 5 9 18
6.023336 6 9 18
3.554078 7 9 18
1.247961 8 9 18
0.537311 13 9 18
2.762623 14 9 18
5.186826 15 9 18
7.726923 16 9 18
10.342874 17 9 18
10.756263 4 10 18
8.046738 5 10 18
5.377085 6 10 18
2.762691 7 10 18
0.235470 8 10 18
1.908340 14 10 18
4.498432 15 10 18
7.151733 16 10 18
9.849409 17 10 18
10.687885 4 11 18
7.967314 5 11 18
5.282530 6 11 18
2.645044 7 11 18
0.087227 8 11 18
1.779517 14 11 18
4.397128 15 11 18
7.067928 16 11 18
9.777687 17 11 18
11.026977 4 12 18
8.360464 5 12 18
5.750093 6 12 18
3.221886 7 12 18
0.827799 8 12 18
0.088642 13 12 18
2.405057 14 12 18
4.896281 15 12 18
7.482964 16 12 18
10.133001 17 12 18
11.753317 4 13 18
9.194605 5 13 18
6.727717 6 13 18
4.397123 7 13 18
2.283472 8 13 18
0.537311 9 13 18
0.088642 12 13 18
1.649223 13 13 18
3.662854 14 13 18
5.932674 15 13 18
8.360498 16 13 18
10.891977 17 13 18
10.412493 5 14 18
8.125791 6 14 18
6.023344 7 14 18
4.191809 8 14 18
2.762623 9 14 18
1.908340 10 14 18
1.779517 11 14 18
2.405057 12 14 18
3.662854 13 14 18
5.377001 14 14 18
7.400826 15 14 18
9.633593 16 14 18
9.849377 6 15 18
7.967285 7 15 18
6.379532 8 15 18
5.186826 9 15 18
4.498432 10 15 18
4.397128 11 15 18
4.896281 12 15 18
5.932674 13 15 18
7.400826 14 15 18
9.194594 15 15 18
11.227582 16 15 18
8.630502 7 16 18
7.344810 8 16 18
6.510608 9 16 18
6.040568 10 16 18
6.014077 11 16 18
6.299265 12 16 18
7.015261 13 16 18
8.160235 14 16 18
9.696207 15 16 18
7.185869 7 17 18
5.577352 8 17 18
4.411286 9 17 18
3.696588 10 17 18
3.647595 11 17 18
4.102236 12 17 18
5.134318 13 17 18
6.613779 14 17 18
5.125180 8 18 18
3.811832 9 18 18
2.973394 10 18 18
2.894866 11 18 18
3.460627 12 18 18
4.637732 13 18 18
6.236563 14 18 18
5.253635 9 19 18
4.692268 10 19 18
4.628380 11 19 18
5.012339 12 19 18
5.886636 13 19 18
10.882405 8 5 19
9.939545 9 5 19
9.409979 10 5 19
9.333064 11 5 19
9.714571 12 5 19
10.525699 13 5 19
11.711944 14 5 19
10.013919 7 6 19
8.542323 8 6 19
7.450964 9 6 19
6.827950 10 6 19
6.736627 11 6 19
7.187223 12 6 19
8.131822 13 6 19
9.486673 14 6 19
11.162970 15 6 19
10.013919 6 7 19
8.048251 7 7 19
6.365077 8 7 19
5.078210 9 7 19
4.323616 10 7 19
4.211305 11 7 19
4.760910 12 7 19
5.885717 13 7 19
7.450970 14 7 19
9.333042 15 7 19
11.439411 16 7 19
10.882405 5 8 19
8.542323 6 8 19
6.365077 7 8 19
4.434341 8 8 19
2.889016 9 8 19
1.937721 10 8 19
1.792619 11 8 19
2.494059 12 8 19
3.867732 13 8 19
5.688783 14 8 19
7.795183 15 8 19
10.087889 16 8 19
9.939545 5 9 19
7.450964 6 9 19
5.078210 7 9 19
2.889016 8 9 19
1.020956 9 9 19
0.240040 10 9 19
0.514000 12 9 19
2.220459 13 9 19
4.323579 14 9 19
6.644776 15 9 19
9.099825 16 9 19
11.644193 17 9 19
9.409979 5 10 19
6.827950 6 10 19
4.323616 7 10 19
1.937721 8 10 19
0.240040 9 10 19
1.181516 13 10 19
3.512069 14 10 19
5.982932 15 10 19
8.542292 16 10 19
11.162996 17 10 19
9.333064 5 11 19
6.736627 6 11 19
4.211305 7 11 19
1.792619 8 11 19
1.021106 13 11 19
3.390796 14 11 19
5.885720 15 11 19
8.461003 16 11 19
11.093339 17 11 19
9.714571 5 12 19
7.187223 6 12 19
4.760910 7 12 19
2.494059 8 12 19
0.514000 9 12 19
0.049295 12 12 19
1.792677 13 12 19
3.983498 14 12 19
6.365158 15 12 19
8.863257 16 12 19
11.439405 17 12 19
10.525699 5 13 19
8.131822 6 13 19
5.885717 7 13 19
3.867732 8 13 19
2.220459 9 13 19
1.181516 10 13 19
1.021106 11 13 19
1.792677 12 13 19
3.267822 13 13 19
5.182360 14 13 19
7.363580 15 13 19
9.714598 16 13 19
11.711944 5 14 19
9.486673 6 14 19
7.450970 7 14 19
5.688783 8 14 19
4.323579 9 14 19
3.512069 10 14 19
3.390796 11 14 19
3.983498 12 14 19
5.182360 13 14 19
6.827891 14 14 19
8.783623 15 14 19
10.952938 16 14 19
11.162970 6 15 19
9.333042 7 15 19
7.795183 8 15 19
6.644776 9 15 19
5.982932 10 15 19
5.885720 11 15 19
6.365158 12 15 19
7.363580 13 15 19
8.783623 14 15 19
10.525691 15 15 19
10.655620 7 16 19
9.338971 8 16 19
8.430150 9 16 19
7.897814 10 16 19
7.877571 11 16 19
8.198478 12 16 19
8.994421 13 16 19
10.172681 14 16 19
8.025365 8 17 19
6.943704 9 17 19
6.289020 10 17 19
6.260348 11 17 19
6.662625 12 17 19
7.621661 13 17 19
5.893054 10 18 19
5.853824 11 18 19
6.290159 12 18 19
11.445560 9 5 20
10.935674 10 5 20
10.861466 11 5 20
11.228784 12 5 20
11.517160 7 6 20
10.102044 8 6 20
9.057587 9 6 20
8.463893 10 6 20
8.376931 11 6 20
8.806172 12 6 20
9.708569 13 6 20
11.009343 14 6 20
11.517160 6 7 20
9.628595 7 7 20
8.023970 8 7 20
6.807950 9 7 20
6.100230 10 7 20
5.995399 11 7 20
6.509828 12 7 20
7.569643 13 7 20
9.057591 14 7 20
10.861450 15 7 20
10.102044 6 8 20
8.023970 7 8 20
6.203844 8 8 20
4.770248 9 8 20
3.902628 10 8 20
3.771579 11 8 20
4.408486 12 8 20
5.675139 13 8 20
7.383409 14 8 20
9.386537 15 8 20
11.588658 16 8 20
11.445560 5 9 20
9.057587 6 9 20
6.807950 7 9 20
4.770248 8 9 20
3.081928 9 9 20
1.991907 10 9 20
1.819650 11 9 20
2.636074 12 9 20
4.159353 13 9 20
6.100207 14 9 20
8.289644 15 9 20
10.637201 16 9 20
10.935674 5 10 20
8.463893 6 10 20
6.100230 7 10 20
3.902628 8 10 20
1.991907 9 10 20
0.648224 10 10 20
0.418618 11 10 20
1.458720 12 10 20
3.224807 13 10 20
5.345070 14 10 20
7.661732 15 10 20
10.102020 16 10 20
10.861466 5 11 20
8.376931 6 11 20
5.995399 7 11 20
3.771579 8 11 20
1.819650 9 11 20
0.418618 10 11 20
0.174803 11 11 20
1.268845 12 11 20
3.081967 13 11 20
5.232638 14 11 20
7.569645 15 11 20
10.024005 16 11 20
11.228784 5 12 20
8.806172 6 12 20
6.509828 7 12 20
4.408486 8 12 20
2.636074 9 12 20
1.458720 10 12 20
1.268845 11 12 20
2.158865 12 12 20
3.771601 13 12 20
5.782876 14 12 20
8.024027 15 12 20
10.409918 16 12 20
9.708569 6 13 20
7.569643 7 13 20
5.675139 8 13 20
4.159353 9 13 20
3.224807 10 13 20
3.081967 11 13 20
3.771601 12 13 20
5.119012 13 13 20
6.905629 14 13 20
8.974350 15 13 20
11.228804 16 13 20
11.009343 6 14 20
9.057591 7 14 20
7.383409 8 14 20
6.100207 9 14 20
5.345070 10 14 20
5.232638 11 14 20
5.782876 12 14 20
6.905629 13 14 20
8.463852 14 14 20
10.333617 15 14 20
10.861450 7 15 20
9.386537 8 15 20
8.289644 9 15 20
7.661732 10 15 20
7.569645 11 15 20
8.024027 12 15 20
8.974350 13 15 20
10.333617 14 15 20
11.588658 8 16 20
10.637201 9 16 20
10.102020 10 16 20
10.024005 11 16 20
10.409918 12 16 20
11.228804 13 16 20
11.840254 8 6 21
10.852447 9 6 21
10.293686 10 6 21
10.212232 11 6 21
10.615414 12 6 21
11.467340 13 6 21
11.391823 7 7 21
9.881488 8 7 21
8.749951 9 7 21
8.098076 10 7 21
8.002182 11 7 21
8.474686 12 7 21
9.457226 13 7 21
10.852450 14 7 21
11.840254 6 8 21
9.881488 7 8 21
8.193262 8 8 21
6.890983 9 8 21
6.119476 10 8 21
6.004115 11 8 21
6.567337 12 8 21
7.709501 13 8 21
9.283804 14 8 21
11.162829 15 8 21
10.852447 6 9 21
8.749951 7 9 21
6.890983 8 9 21
5.405544 9 9 21
4.490808 10 9 21
4.351173 11 9 21
5.026088 12 9 21
6.345834 13 9 21
8.098061 14 9 21
10.130200 15 9 21
10.293686 6 10 21
8.098076 7 10 21
6.119476 8 10 21
4.490808 9 10 21
3.447761 10 10 21
3.283808 11 10 21
4.063069 12 10 21
5.528561 13 10 21
7.409491 14 10 21
9.543053 15 10 21
11.840237 16 10 21
10.212232 6 11 21
8.002182 7 11 21
6.004115 8 11 21
4.351173 9 11 21
3.283808 10 11 21
3.115256 11 11 21
3.914659 12 11 21
5.405562 13 11 21
7.307710 14 11 21
9.457228 15 11 21
11.766352 16 11 21
10.615414 6 12 21
8.474686 7 12 21
6.567337 8 12 21
5.026088 9 12 21
4.063069 10 12 21
3.914659 11 12 21
4.628148 12 12 21
6.004126 13 12 21
7.807864 14 12 21
9.881527 15 12 21
11.467340 6 13 21
9.457226 7 13 21
7.709501 8 13 21
6.345834 9 13 21
5.528561 10 13 21
5.405562 11 13 21
6.004126 12 13 21
7.205014 13 13 21
8.840396 14 13 21
10.773792 15 13 21
10.852450 7 14 21
9.283804 8 14 21
8.098061 9 14 21
7.409491 10 14 21
7.307710 11 14 21
7.807864 12 14 21
8.840396 13 14 21
10.293657 14 14 21
11.162829 8 15 21
10.130200 9 15 21
9.543053 10 15 21
9.457228 11 15 21
9.881527 12 15 21
10.773792 13 15 21
11.840237 10 16 21
11.766352 11 16 21
11.931840 8 7 22
10.892949 9 7 22
10.301143 10 7 22
10.214541 11 7 22
10.642380 12 7 22
11.540741 13 7 22
11.931840 7 8 22
10.387194 8 8 22
9.221372 9 8 22
8.545284 10 8 22
8.445434 11 8 22
8.936309 12 8 22
9.951079 13 8 22
11.381417 14 8 22
10.892949 7 9 22
9.221372 8 9 22
7.931976 9 9 22
7.168242 10 9 22
7.054201 11 9 22
7.611673 12 9 22
8.742411 13 9 22
10.301133 14 9 22
10.301143 7 10 22
8.545284 8 10 22
7.168242 9 10 22
6.338213 10 10 22
6.212979 11 10 22
6.821727 12 10 22
8.036622 13 10 22
9.682354 14 10 22
11.619756 15 10 22
10.214541 7 11 22
8.445434 8 11 22
7.054201 9 11 22
6.212979 10 11 22
6.085853 11 11 22
6.703282 12 11 22
7.931986 13 11 22
9.591463 14 11 22
11.540742 15 11 22
10.642380 7 12 22
8.936309 8 12 22
7.611673 9 12 22
6.821727 10 12 22
6.703282 11 12 22
7.280981 12 12 22
8.445440 13 12 22
10.039439 14 12 22
11.931868 15 12 22
11.540741 7 13 22
9.951079 8 13 22
8.742411 9 13 22
8.036622 10 13 22
7.931986 11 13 22
8.445440 12 13 22
9.499948 13 13 22
10.975486 14 13 22
11.381417 8 14 22
10.301133 9 14 22
9.682354 10 14 22
9.591463 11 14 22
10.039439 12 14 22
10.975486 13 14 22
11.619756 10 15 22
11.540742 11 15 22
11.931868 12 15 22
11.716799 9 8 23
11.125671 10 8 23
11.039125 11 8 23
11.466519 12 8 23
12.363473 13 8 23
11.716799 8 9 23
10.597564 9 9 23
9.952629 10 9 23
9.857577 11 9 23
10.325214 12 9 23
11.297147 13 9 23
11.125671 8 10 23
9.952629 9 10 23
9.270854 10 10 23
9.170065 11 10 23
9.665294 12 10 23
10.687070 13 10 23
12.124347 14 10 23
11.039125 8 11 23
9.857577 9 11 23
9.170065 10 11 23
9.068432 11 11 23
9.568032 12 11 23
10.597570 13 11 23
12.043687 14 11 23
11.466519 8 12 23
10.325214 9 12 23
9.665294 10 12 23
9.568032 11 12 23
10.046784 12 12 23
11.039129 13 12 23
12.442411 14 12 23
12.363473 8 13 23
11.297147 9 13 23
10.687070 10 13 23
10.597570 11 13 23
11.039129 12 13 23
11.962623 13 13 23
12.124347 10 14 23
12.043687 11 14 23
12.442411 12 14 23
did the distances, now writing.
